0.0000000000000E+00 0.0000000000000E+00
4.6960002959362E-03 2.8284768841175E-03
9.3919993054524E-03 5.6569537682175E-03
1.4087993720660E-02 8.4854306522826E-03
1.8783978028447E-02 1.1313907536295E-02
2.3479944510516E-02 1.4142384420238E-02
2.8175883243457E-02 1.6970861304094E-02
3.2871782098864E-02 1.9799338187844E-02
3.7567626743509E-02 2.2627815071473E-02
4.2263400639588E-02 2.5456291954962E-02
4.6959085045041E-02 2.8284768838293E-02
5.1654659013966E-02 3.1113245721450E-02
5.6350099397137E-02 3.3941722604415E-02
6.1045380842633E-02 3.6770199487170E-02
6.5740475796592E-02 3.9598676369699E-02
7.0435354504105E-02 4.2427153251982E-02
7.5129985010256E-02 4.5255630134004E-02
7.9824333161319E-02 4.8084107015747E-02
8.4518362606128E-02 5.0912583897193E-02
8.9212034797629E-02 5.3741060778324E-02
9.3905308994623E-02 5.6569537659124E-02
9.8598142263715E-02 5.9398014539575E-02
1.0329048948148E-01 6.2226491419659E-02
1.0798230333684E-01 6.5054968299360E-02
1.1267353433373E-01 6.7883445178659E-02
1.1736413079392E-01 7.0711922057540E-02
1.2205403886018E-01 7.3540398935984E-02
1.2674320249972E-01 7.6368875813975E-02
1.3143156350782E-01 7.9197352691495E-02
1.3611906151185E-01 8.2025829568527E-02
1.4080563397553E-01 8.4854306445054E-02
1.4549121620357E-01 8.7682783321057E-02
1.5017574134655E-01 9.0511260196521E-02
1.5485914040622E-01 9.3339737071427E-02
1.5954134224107E-01 9.6168213945758E-02
1.6422227357233E-01 9.8996690819498E-02
1.6890185899026E-01 1.0182516769263E-01
1.7358002096089E-01 1.0465364456513E-01
1.7825667983311E-01 1.0748212143699E-01
1.8293175384616E-01 1.1031059830819E-01
1.8760515913750E-01 1.1313907517871E-01
1.9227680975118E-01 1.1596755204854E-01
1.9694661764654E-01 1.1879602891766E-01
2.0161449270741E-01 1.2162450578604E-01
2.0628034275174E-01 1.2445298265368E-01
2.1094407354166E-01 1.2728145952056E-01
2.1560558879404E-01 1.3010993638665E-01
2.2026479019152E-01 1.3293841325195E-01
2.2492157739396E-01 1.3576689011644E-01
2.2957584805051E-01 1.3859536698009E-01
2.3422749781202E-01 1.4142384384289E-01
2.3887642034409E-01 1.4425232070484E-01
2.4352250734055E-01 1.4708079756590E-01
2.4816564853752E-01 1.4990927442606E-01
2.5280573172794E-01 1.5273775128531E-01
2.5744264277673E-01 1.5556622814362E-01
2.6207626563637E-01 1.5839470500099E-01
2.6670648236316E-01 1.6122318185739E-01
2.7133317313394E-01 1.6405165871282E-01
2.7595621626342E-01 1.6688013556724E-01
2.8057548822211E-01 1.6970861242066E-01
2.8519086365475E-01 1.7253708927304E-01
2.8980221539938E-01 1.7536556612437E-01
2.9440941450700E-01 1.7819404297465E-01
2.9901233026180E-01 1.8102251982384E-01
3.0361083020199E-01 1.8385099667194E-01
3.0820478014124E-01 1.8667947351893E-01
3.1279404419073E-01 1.8950795036480E-01
3.1737848478182E-01 1.9233642720952E-01
3.2195796268930E-01 1.9516490405308E-01
3.2653233705527E-01 1.9799338089547E-01
3.3110146541370E-01 2.0082185773667E-01
3.3566520371551E-01 2.0365033457667E-01
3.4022340635435E-01 2.0647881141544E-01
3.4477592619298E-01 2.0930728825298E-01
3.4932261459027E-01 2.1213576508927E-01
3.5386332142887E-01 2.1496424192429E-01
3.5839789514346E-01 2.1779271875803E-01
3.6292618274965E-01 2.2062119559047E-01
3.6744802987350E-01 2.2344967242160E-01
3.7196328078173E-01 2.2627814925141E-01
3.7647177841245E-01 2.2910662607987E-01
3.8097336440660E-01 2.3193510290698E-01
3.8546787914001E-01 2.3476357973272E-01
3.8995516175602E-01 2.3759205655707E-01
3.9443505019882E-01 2.4042053338002E-01
3.9890738124729E-01 2.4324901020156E-01
4.0337199054958E-01 2.4607748702167E-01
4.0782871265817E-01 2.4890596384035E-01
4.1227738106568E-01 2.5173444065756E-01
4.1671782824111E-01 2.5456291747331E-01
4.2114988566685E-01 2.5739139428757E-01
4.2557338387615E-01 2.6021987110033E-01
4.2998815249123E-01 2.6304834791159E-01
4.3439402026196E-01 2.6587682472132E-01
4.3879081510509E-01 2.6870530152952E-01
4.4317836414410E-01 2.7153377833616E-01
4.4755649374951E-01 2.7436225514125E-01
4.5192502957982E-01 2.7719073194475E-01
4.5628379662293E-01 2.8001920874667E-01
4.6063261923813E-01 2.8284768554699E-01
4.6497132119859E-01 2.8567616234570E-01
4.6929972573429E-01 2.8850463914278E-01
4.7361765557561E-01 2.9133311593823E-01
4.7792493299719E-01 2.9416159273202E-01
4.8222137986246E-01 2.9699006952415E-01
4.8650681766848E-01 2.9981854631462E-01
4.9078106759132E-01 3.0264702310339E-01
4.9504395053183E-01 3.0547549989047E-01
4.9929528716183E-01 3.0830397667585E-01
5.0353489797073E-01 3.1113245345951E-01
5.0776260331251E-01 3.1396093024143E-01
5.1197822345311E-01 3.1678940702162E-01
5.1618157861815E-01 3.1961788380006E-01
5.2037248904098E-01 3.2244636057674E-01
5.2455077501111E-01 3.2527483735165E-01
5.2871625692294E-01 3.2810331412478E-01
5.3286875532469E-01 3.3093179089611E-01
5.3700809096778E-01 3.3376026766565E-01
5.4113408485628E-01 3.3658874443338E-01
5.4524655829673E-01 3.3941722119929E-01
5.4934533294814E-01 3.4224569796337E-01
5.5343023087218E-01 3.4507417472561E-01
5.5750107458353E-01 3.4790265148601E-01
5.6155768710047E-01 3.5073112824455E-01
5.6559989199554E-01 3.5355960500123E-01
5.6962751344631E-01 3.5638808175604E-01
5.7364037628634E-01 3.5921655850897E-01
5.7763830605611E-01 3.6204503526001E-01
5.8162112905407E-01 3.6487351200916E-01
5.8558867238772E-01 3.6770198875640E-01
5.8954076402469E-01 3.7053046550174E-01
5.9347723284378E-01 3.7335894224516E-01
5.9739790868606E-01 3.7618741898665E-01
6.0130262240579E-01 3.7901589572621E-01
6.0519120592137E-01 3.8184437246384E-01
6.0906349226611E-01 3.8467284919953E-01
6.1291931563896E-01 3.8750132593326E-01
6.1675851145497E-01 3.9032980266504E-01
6.2058091639570E-01 3.9315827939486E-01
6.2438636845936E-01 3.9598675612271E-01
6.2817470701074E-01 3.9881523284859E-01
6.3194577283091E-01 4.0164370957249E-01
6.3569940816667E-01 4.0447218629442E-01
6.3943545677964E-01 4.0730066301435E-01
6.4315376399509E-01 4.1012913973230E-01
6.4685417675041E-01 4.1295761644825E-01
6.5053654364324E-01 4.1578609316220E-01
6.5420071497912E-01 4.1861456987414E-01
6.5784654281887E-01 4.2144304658408E-01
6.6147388102537E-01 4.2427152329201E-01
6.6508258531000E-01 4.2709999999793E-01
6.6867251327854E-01 4.2992847670183E-01
6.7224352447655E-01 4.3275695340371E-01
6.7579548043424E-01 4.3558543010357E-01
6.7932824471076E-01 4.3841390680141E-01
6.8284168293792E-01 4.4124238349722E-01
6.8633566286328E-01 4.4407086019100E-01
6.8981005439267E-01 4.4689933688275E-01
6.9326472963195E-01 4.4972781357247E-01
6.9669956292820E-01 4.5255629026016E-01
7.0011443091017E-01 4.5538476694581E-01
7.0350921252799E-01 4.5821324362943E-01
7.0688378909216E-01 4.6104172031101E-01
7.1023804431177E-01 4.6387019699056E-01
7.1357186433193E-01 4.6669867366807E-01
7.1688513777044E-01 4.6952715034355E-01
7.2017775575351E-01 4.7235562701698E-01
7.2344961195078E-01 4.7518410368839E-01
7.2670060260940E-01 4.7801258035776E-01
7.2993062658720E-01 4.8084105702509E-01
7.3313958538501E-01 4.8366953369039E-01
7.3632738317800E-01 4.8649801035366E-01
7.3949392684618E-01 4.8932648701490E-01
7.4263912600378E-01 4.9215496367411E-01
7.4576289302782E-01 4.9498344033129E-01
7.4886514308557E-01 4.9781191698645E-01
7.5194579416105E-01 5.0064039363958E-01
7.5500476708055E-01 5.0346887029070E-01
7.5804198553697E-01 5.0629734693979E-01
7.6105737611329E-01 5.0912582358687E-01
7.6405086830487E-01 5.1195430023194E-01
7.6702239454063E-01 5.1478277687500E-01
7.6997189020327E-01 5.1761125351606E-01
7.7289929364829E-01 5.2043973015511E-01
7.7580454622192E-01 5.2326820679217E-01
7.7868759227790E-01 5.2609668342723E-01
7.8154837919324E-01 5.2892516006030E-01
7.8438685738267E-01 5.3175363669138E-01
7.8720298031208E-01 5.3458211332049E-01
7.8999670451071E-01 5.3741058994762E-01
7.9276798958226E-01 5.4023906657277E-01
7.9551679821475E-01 5.4306754319596E-01
7.9824309618925E-01 5.4589601981719E-01
8.0094685238742E-01 5.4872449643647E-01
8.0362803879787E-01 5.5155297305379E-01
8.0628663052132E-01 5.5438144966917E-01
8.0892260577460E-01 5.5720992628261E-01
8.1153594589342E-01 5.6003840289412E-01
8.1412663533396E-01 5.6286687950371E-01
8.1669466167331E-01 5.6569535611137E-01
8.1924001560865E-01 5.6852383271713E-01
8.2176269095529E-01 5.7135230932097E-01
8.2426268464352E-01 5.7418078592292E-01
8.2673999671423E-01 5.7700926252297E-01
8.2919463031343E-01 5.7983773912114E-01
8.3162659168549E-01 5.8266621571744E-01
8.3403589016532E-01 5.8549469231186E-01
8.3642253816928E-01 5.8832316890442E-01
8.3878655118502E-01 5.9115164549513E-01
8.4112794776010E-01 5.9398012208399E-01
8.4344674948951E-01 5.9680859867101E-01
8.4574298100206E-01 5.9963707525621E-01
8.4801666994558E-01 6.0246555183958E-01
8.5026784697108E-01 6.0529402842114E-01
8.5249654571581E-01 6.0812250500089E-01
8.5470280278512E-01 6.1095098157885E-01
8.5688665773338E-01 6.1377945815502E-01
8.5904815304376E-01 6.1660793472942E-01
8.6118733410692E-01 6.1943641130204E-01
8.6330424919878E-01 6.2226488787291E-01
8.6539894945714E-01 6.2509336444203E-01
8.6747148885734E-01 6.2792184100940E-01
8.6952192418697E-01 6.3075031757505E-01
8.7155031501956E-01 6.3357879413897E-01
8.7355672368727E-01 6.3640727070118E-01
8.7554121525273E-01 6.3923574726169E-01
8.7750385747992E-01 6.4206422382051E-01
8.7944472080410E-01 6.4489270037765E-01
8.8136387830092E-01 6.4772117693311E-01
8.8326140565465E-01 6.5054965348692E-01
8.8513738112551E-01 6.5337813003907E-01
8.8699188551629E-01 6.5620660658959E-01
8.8882500213804E-01 6.5903508313847E-01
8.9063681677508E-01 6.6186355968573E-01
8.9242741764920E-01 6.6469203623139E-01
8.9419689538309E-01 6.6752051277545E-01
8.9594534296320E-01 6.7034898931792E-01
8.9767285570169E-01 6.7317746585881E-01
8.9937953119793E-01 6.7600594239814E-01
9.0106546929922E-01 6.7883441893592E-01
9.0273077206092E-01 6.8166289547215E-01
9.0437554370601E-01 6.8449137200685E-01
9.0599989058407E-01 6.8731984854003E-01
9.0760392112970E-01 6.9014832507170E-01
9.0918774582041E-01 6.9297680160187E-01
9.1075147713409E-01 6.9580527813055E-01
9.1229522950586E-01 6.9863375465776E-01
9.1381911928464E-01 7.0146223118350E-01
9.1532326468919E-01 7.0429070770779E-01
9.1680778576380E-01 7.0711918423064E-01
9.1827280433361E-01 7.0994766075205E-01
9.1971844395954E-01 7.1277613727205E-01
9.2114482989298E-01 7.1560461379065E-01
9.2255208903014E-01 7.1843309030784E-01
9.2394034986612E-01 7.2126156682366E-01
9.2530974244878E-01 7.2409004333810E-01
9.2666039833238E-01 7.2691851985118E-01
9.2799245053101E-01 7.2974699636291E-01
9.2930603347187E-01 7.3257547287330E-01
9.3060128294846E-01 7.3540394938237E-01
9.3187833607353E-01 7.3823242589013E-01
9.3313733123208E-01 7.4106090239658E-01
9.3437840803424E-01 7.4388937890174E-01
9.3560170726807E-01 7.4671785540563E-01
9.3680737085240E-01 7.4954633190825E-01
9.3799554178969E-01 7.5237480840961E-01
9.3916636411885E-01 7.5520328490973E-01
9.4031998286822E-01 7.5803176140861E-01
9.4145654400851E-01 7.6086023790628E-01
9.4257619440597E-01 7.6368871440274E-01
9.4367908177559E-01 7.6651719089800E-01
9.4476535463450E-01 7.6934566739207E-01
9.4583516225553E-01 7.7217414388498E-01
9.4688865462096E-01 7.7500262037672E-01
9.4792598237647E-01 7.7783109686731E-01
9.4894729678537E-01 7.8065957335676E-01
9.4995274968306E-01 7.8348804984508E-01
9.5094249343173E-01 7.8631652633229E-01
9.5191668087546E-01 7.8914500281840E-01
9.5287546529550E-01 7.9197347930341E-01
9.5381900036603E-01 7.9480195578734E-01
9.5474744011015E-01 7.9763043227020E-01
9.5566093885634E-01 8.0045890875200E-01
9.5655965119523E-01 8.0328738523275E-01
9.5744373193685E-01 8.0611586171247E-01
9.5831333606826E-01 8.0894433819117E-01
9.5916861871163E-01 8.1177281466885E-01
9.6000973508279E-01 8.1460129114553E-01
9.6083684045023E-01 8.1742976762122E-01
9.6165009009464E-01 8.2025824409592E-01
9.6244963926886E-01 8.2308672056966E-01
9.6323564315844E-01 8.2591519704244E-01
9.6400825684269E-01 8.2874367351428E-01
9.6476763525625E-01 8.3157214998517E-01
9.6551393315126E-01 8.3440062645515E-01
9.6624730506005E-01 8.3722910292420E-01
9.6696790525846E-01 8.4005757939236E-01
9.6767588772969E-01 8.4288605585962E-01
9.6837140612881E-01 8.4571453232599E-01
9.6905461374781E-01 8.4854300879150E-01
9.6972566348134E-01 8.5137148525614E-01
9.7038470779302E-01 8.5419996171994E-01
9.7103189868241E-01 8.5702843818289E-01
9.7166738765261E-01 8.5985691464501E-01
9.7229132567855E-01 8.6268539110631E-01
9.7290386317584E-01 8.6551386756681E-01
9.7350514997041E-01 8.6834234402650E-01
9.7409533526869E-01 8.7117082048540E-01
9.7467456762859E-01 8.7399929694352E-01
9.7524299493103E-01 8.7682777340087E-01
9.7580076435223E-01 8.7965624985747E-01
9.7634802233670E-01 8.8248472631331E-01
9.7688491457081E-01 8.8531320276841E-01
9.7741158595720E-01 8.8814167922278E-01
9.7792818058977E-01 8.9097015567643E-01
9.7843484172938E-01 8.9379863212937E-01
9.7893171178031E-01 8.9662710858160E-01
9.7941893226731E-01 8.9945558503315E-01
9.7989664381346E-01 9.0228406148401E-01
9.8036498611866E-01 9.0511253793419E-01
9.8082409793879E-01 9.0794101438371E-01
9.8127411706564E-01 9.1076949083257E-01
9.8171518030748E-01 9.1359796728079E-01
9.8214742347031E-01 9.1642644372836E-01
9.8257098133987E-01 9.1925492017531E-01
9.8298598766423E-01 9.2208339662163E-01
9.8339257513717E-01 9.2491187306735E-01
9.8379087538215E-01 9.2774034951246E-01
9.8418101893701E-01 9.3056882595697E-01
9.8456313523933E-01 9.3339730240090E-01
9.8493735261244E-01 9.3622577884425E-01
9.8530379825210E-01 9.3905425528704E-01
9.8566259821386E-01 9.4188273172925E-01
9.8601387740102E-01 9.4471120817092E-01
9.8635775955331E-01 9.4753968461204E-01
9.8669436723609E-01 9.5036816105262E-01
9.8702382183035E-01 9.5319663749268E-01
9.8734624352318E-01 9.5602511393221E-01
9.8766175129894E-01 9.5885359037123E-01
9.8797046293102E-01 9.6168206680974E-01
9.8827249497422E-01 9.6451054324775E-01
9.8856796275771E-01 9.6733901968527E-01
9.8885698037860E-01 9.7016749612231E-01
9.8913966069605E-01 9.7299597255887E-01
9.8941611532599E-01 9.7582444899497E-01
9.8968645463639E-01 9.7865292543060E-01
9.8995078774311E-01 9.8148140186577E-01
9.9020922250626E-01 9.8430987830050E-01
9.9046186552710E-01 9.8713835473479E-01
9.9070882214551E-01 9.8996683116865E-01
9.9095019643791E-01 9.9279530760207E-01
9.9118609121578E-01 9.9562378403508E-01
9.9141660802461E-01 9.9845226046767E-01
9.9164184714335E-01 1.0012807368999E+00
9.9186190758436E-01 1.0041092133316E+00
9.9207688709383E-01 1.0069376897630E+00
9.9228688215267E-01 1.0097661661940E+00
9.9249198797778E-01 1.0125946426247E+00
9.9269229852389E-01 1.0154231190549E+00
9.9288790648571E-01 1.0182515954848E+00
9.9307890330057E-01 1.0210800719143E+00
9.9326537915142E-01 1.0239085483435E+00
9.9344742297029E-01 1.0267370247723E+00
9.9362512244213E-01 1.0295655012007E+00
9.9379856400893E-01 1.0323939776289E+00
9.9396783287438E-01 1.0352224540567E+00
9.9413301300874E-01 1.0380509304841E+00
9.9429418715414E-01 1.0408794069113E+00
9.9445143683017E-01 1.0437078833381E+00
9.9460484233986E-01 1.0465363597646E+00
9.9475448277593E-01 1.0493648361908E+00
9.9490043602735E-01 1.0521933126167E+00
9.9504277878620E-01 1.0550217890423E+00
9.9518158655486E-01 1.0578502654676E+00
9.9531693365341E-01 1.0606787418927E+00
9.9544889322734E-01 1.0635072183174E+00
9.9557753725553E-01 1.0663356947419E+00
9.9570293655843E-01 1.0691641711661E+00
9.9582516080650E-01 1.0719926475900E+00
9.9594427852894E-01 1.0748211240137E+00
9.9606035712251E-01 1.0776496004371E+00
9.9617346286070E-01 1.0804780768603E+00
9.9628366090296E-01 1.0833065532832E+00
9.9639101530429E-01 1.0861350297059E+00
9.9649558902483E-01 1.0889635061284E+00
9.9659744393975E-01 1.0917919825506E+00
9.9669664084927E-01 1.0946204589725E+00
9.9679323948882E-01 1.0974489353943E+00
9.9688729853935E-01 1.1002774118158E+00
9.9697887563778E-01 1.1031058882371E+00
9.9706802738760E-01 1.1059343646582E+00
9.9715480936958E-01 1.1087628410791E+00
9.9723927615255E-01 1.1115913174998E+00
9.9732148130436E-01 1.1144197939203E+00
9.9740147740288E-01 1.1172482703406E+00
9.9747931604713E-01 1.1200767467607E+00
9.9755504786845E-01 1.1229052231806E+00
9.9762872254177E-01 1.1257336996003E+00
9.9770038879694E-01 1.1285621760198E+00
9.9777009443015E-01 1.1313906524392E+00
9.9783788631533E-01 1.1342191288583E+00
9.9790381041568E-01 1.1370476052773E+00
9.9796791179517E-01 1.1398760816962E+00
9.9803023463013E-01 1.1427045581148E+00
9.9809082222084E-01 1.1455330345333E+00
9.9814971700311E-01 1.1483615109517E+00
9.9820696055992E-01 1.1511899873699E+00
9.9826259363307E-01 1.1540184637879E+00
9.9831665613479E-01 1.1568469402058E+00
9.9836918715939E-01 1.1596754166235E+00
9.9842022499485E-01 1.1625038930411E+00
9.9846980713448E-01 1.1653323694586E+00
9.9851797028844E-01 1.1681608458759E+00
9.9856475039537E-01 1.1709893222930E+00
9.9861018263389E-01 1.1738177987101E+00
9.9865430143411E-01 1.1766462751270E+00
9.9869714048908E-01 1.1794747515438E+00
9.9873873276622E-01 1.1823032279604E+00
9.9877911051869E-01 1.1851317043770E+00
9.9881830529673E-01 1.1879601807934E+00
9.9885634795889E-01 1.1907886572097E+00
9.9889326868324E-01 1.1936171336258E+00
9.9892909697855E-01 1.1964456100419E+00
9.9896386169533E-01 1.1992740864579E+00
9.9899759103685E-01 1.2021025628737E+00
9.9903031257007E-01 1.2049310392895E+00
9.9906205323651E-01 1.2077595157051E+00
9.9909283936301E-01 1.2105879921206E+00
9.9912269667244E-01 1.2134164685361E+00
9.9915165029429E-01 1.2162449449514E+00
9.9917972477523E-01 1.2190734213667E+00
9.9920694408951E-01 1.2219018977818E+00
9.9923333164931E-01 1.2247303741969E+00
9.9925891031501E-01 1.2275588506118E+00
9.9928370240530E-01 1.2303873270267E+00
9.9930772970727E-01 1.2332158034415E+00
9.9933101348632E-01 1.2360442798562E+00
9.9935357449606E-01 1.2388727562709E+00
9.9937543298802E-01 1.2417012326854E+00
9.9939660872127E-01 1.2445297090999E+00
9.9941712097202E-01 1.2473581855143E+00
9.9943698854296E-01 1.2501866619286E+00
9.9945622977266E-01 1.2530151383429E+00
9.9947486254470E-01 1.2558436147570E+00
9.9949290429680E-01 1.2586720911711E+00
9.9951037202982E-01 1.2615005675852E+00
9.9952728231656E-01 1.2643290439992E+00
9.9954365131059E-01 1.2671575204131E+00
9.9955949475483E-01 1.2699859968269E+00
9.9957482799010E-01 1.2728144732407E+00
9.9958966596354E-01 1.2756429496544E+00
9.9960402323684E-01 1.2784714260681E+00
9.9961791399451E-01 1.2812999024817E+00
9.9963135205185E-01 1.2841283788952E+00
9.9964435086292E-01 1.2869568553087E+00
9.9965692352841E-01 1.2897853317221E+00
9.9966908280325E-01 1.2926138081355E+00
9.9968084110431E-01 1.2954422845489E+00
9.9969221051780E-01 1.2982707609621E+00
9.9970320280662E-01 1.3010992373754E+00
9.9971382941767E-01 1.3039277137886E+00
9.9972410148891E-01 1.3067561902017E+00
9.9973402985639E-01 1.3095846666148E+00
9.9974362506114E-01 1.3124131430278E+00
9.9975289735597E-01 1.3152416194408E+00
9.9976185671210E-01 1.3180700958538E+00
9.9977051282572E-01 1.3208985722667E+00
9.9977887512447E-01 1.3237270486796E+00
9.9978695277368E-01 1.3265555250924E+00
9.9979475468268E-01 1.3293840015052E+00
9.9980228951083E-01 1.3322124779180E+00
9.9980956567354E-01 1.3350409543307E+00
9.9981659134815E-01 1.3378694307434E+00
9.9982337447973E-01 1.3406979071560E+00
9.9982992278669E-01 1.3435263835686E+00
9.9983624376638E-01 1.3463548599812E+00
9.9984234470057E-01 1.3491833363938E+00
9.9984823266072E-01 1.3520118128063E+00
9.9985391451331E-01 1.3548402892188E+00
9.9985939692493E-01 1.3576687656312E+00
9.9986468636735E-01 1.3604972420436E+00
9.9986978912245E-01 1.3633257184560E+00
9.9987471128706E-01 1.3661541948684E+00
9.9987945877771E-01 1.3689826712808E+00
9.9988403733527E-01 1.3718111476931E+00
9.9988845252952E-01 1.3746396241054E+00
9.9989270976358E-01 1.3774681005176E+00
9.9989681427830E-01 1.3802965769299E+00
9.9990077115648E-01 1.3831250533421E+00
9.9990458532713E-01 1.3859535297543E+00
9.9990826156948E-01 1.3887820061664E+00
9.9991180451703E-01 1.3916104825786E+00
9.9991521866145E-01 1.3944389589907E+00
9.9991850835638E-01 1.3972674354028E+00
9.9992167782123E-01 1.4000959118149E+00
9.9992473114478E-01 1.4029243882269E+00
9.9992767228879E-01 1.4057528646390E+00
9.9993050509147E-01 1.4085813410510E+00
9.9993323327094E-01 1.4114098174630E+00
9.9993586042849E-01 1.4142382938750E+00
9.9993839005194E-01 1.4170667702869E+00
9.9994082551871E-01 1.4198952466989E+00
9.9994317009902E-01 1.4227237231108E+00
9.9994542695887E-01 1.4255521995227E+00
9.9994759916304E-01 1.4283806759346E+00
9.9994968967795E-01 1.4312091523465E+00
9.9995170137448E-01 1.4340376287584E+00
9.9995363703074E-01 1.4368661051703E+00
9.9995549933476E-01 1.4396945815821E+00
9.9995729088709E-01 1.4425230579939E+00
9.9995901420336E-01 1.4453515344057E+00
9.9996067171677E-01 1.4481800108175E+00
9.9996226578053E-01 1.4510084872293E+00
9.9996379867018E-01 1.4538369636411E+00
9.9996527258598E-01 1.4566654400529E+00
9.9996668965508E-01 1.4594939164646E+00
9.9996805193373E-01 1.4623223928763E+00
9.9996936140945E-01 1.4651508692881E+00
9.9997062000305E-01 1.4679793456998E+00
9.9997182957069E-01 1.4708078221115E+00
9.9997299190586E-01 1.4736362985232E+00
9.9997410874123E-01 1.4764647749349E+00
9.9997518175061E-01 1.4792932513466E+00
9.9997621255071E-01 1.4821217277582E+00
9.9997720270290E-01 1.4849502041699E+00
9.9997815371497E-01 1.4877786805815E+00
9.9997906704276E-01 1.4906071569932E+00
9.9997994409182E-01 1.4934356334048E+00
9.9998078621900E-01 1.4962641098164E+00
9.9998159473392E-01 1.4990925862280E+00
9.9998237090057E-01 1.5019210626397E+00
9.9998311593867E-01 1.5047495390513E+00
9.9998383102513E-01 1.5075780154628E+00
9.9998451729543E-01 1.5104064918744E+00
9.9998517584493E-01 1.5132349682860E+00
9.9998580773018E-01 1.5160634446976E+00
9.9998641397017E-01 1.5188919211092E+00
9.9998699554756E-01 1.5217203975207E+00
9.9998755340987E-01 1.5245488739323E+00
9.9998808847063E-01 1.5273773503438E+00
9.9998860161048E-01 1.5302058267554E+00
9.9998909367831E-01 1.5330343031669E+00
9.9998956549224E-01 1.5358627795784E+00
9.9999001784070E-01 1.5386912559899E+00
9.9999045148342E-01 1.5415197324015E+00
9.9999086715235E-01 1.5443482088130E+00
9.9999126555263E-01 1.5471766852245E+00
9.9999164736350E-01 1.5500051616360E+00
9.9999201323915E-01 1.5528336380475E+00
9.9999236380960E-01 1.5556621144590E+00
9.9999269968149E-01 1.5584905908705E+00
9.9999302143893E-01 1.5613190672820E+00
9.9999332964423E-01 1.5641475436935E+00
9.9999362483867E-01 1.5669760201049E+00
9.9999390754324E-01 1.5698044965164E+00
9.9999417825931E-01 1.5726329729279E+00
9.9999443746936E-01 1.5754614493394E+00
9.9999468563759E-01 1.5782899257508E+00
9.9999492321061E-01 1.5811184021623E+00
9.9999515061803E-01 1.5839468785737E+00
9.9999536827306E-01 1.5867753549852E+00
9.9999557657310E-01 1.5896038313967E+00
9.9999577590029E-01 1.5924323078081E+00
9.9999596662210E-01 1.5952607842195E+00
9.9999614909178E-01 1.5980892606310E+00
9.9999632364893E-01 1.6009177370424E+00
9.9999649061996E-01 1.6037462134539E+00
9.9999665031860E-01 1.6065746898653E+00
9.9999680304632E-01 1.6094031662767E+00
9.9999694909279E-01 1.6122316426882E+00
9.9999708873633E-01 1.6150601190996E+00
9.9999722224430E-01 1.6178885955110E+00
9.9999734987353E-01 1.6207170719224E+00
9.9999747187067E-01 1.6235455483339E+00
9.9999758847259E-01 1.6263740247453E+00
9.9999769990675E-01 1.6292025011567E+00
9.9999780639153E-01 1.6320309775681E+00
9.9999790813659E-01 1.6348594539795E+00
9.9999800534318E-01 1.6376879303909E+00
9.9999809820445E-01 1.6405164068024E+00
9.9999818690577E-01 1.6433448832138E+00
9.9999827162504E-01 1.6461733596252E+00
9.9999835253292E-01 1.6490018360366E+00
9.9999842979315E-01 1.6518303124480E+00
9.9999850356282E-01 1.6546587888594E+00
9.9999857399257E-01 1.6574872652708E+00
9.9999864122690E-01 1.6603157416822E+00
9.9999870540436E-01 1.6631442180936E+00
9.9999876665782E-01 1.6659726945050E+00
9.9999882511465E-01 1.6688011709164E+00
9.9999888089696E-01 1.6716296473278E+00
9.9999893412178E-01 1.6744581237392E+00
9.9999898490130E-01 1.6772866001506E+00
9.9999903334302E-01 1.6801150765619E+00
9.9999907954994E-01 1.6829435529733E+00
9.9999912362075E-01 1.6857720293847E+00
9.9999916565000E-01 1.6886005057961E+00
9.9999920572827E-01 1.6914289822075E+00
9.9999924394228E-01 1.6942574586189E+00
9.9999928037512E-01 1.6970859350303E+00
9.9999931510633E-01 1.6999144114417E+00
9.9999934821208E-01 1.7027428878530E+00
9.9999937976528E-01 1.7055713642644E+00
9.9999940983575E-01 1.7083998406758E+00
9.9999943849028E-01 1.7112283170872E+00
9.9999946579282E-01 1.7140567934986E+00
9.9999949180456E-01 1.7168852699099E+00
9.9999951658404E-01 1.7197137463213E+00
9.9999954018729E-01 1.7225422227327E+00
9.9999956266789E-01 1.7253706991441E+00
9.9999958407709E-01 1.7281991755555E+00
9.9999960446392E-01 1.7310276519668E+00
9.9999962387526E-01 1.7338561283782E+00
9.9999964235593E-01 1.7366846047896E+00
9.9999965994880E-01 1.7395130812010E+00
9.9999967669484E-01 1.7423415576123E+00
9.9999969263322E-01 1.7451700340237E+00
9.9999970780138E-01 1.7479985104351E+00
9.9999972223509E-01 1.7508269868464E+00
9.9999973596854E-01 1.7536554632578E+00
9.9999974903441E-01 1.7564839396692E+00
9.9999976146389E-01 1.7593124160806E+00
9.9999977328680E-01 1.7621408924919E+00
9.9999978453162E-01 1.7649693689033E+00
9.9999979522555E-01 1.7677978453147E+00
9.9999980539455E-01 1.7706263217260E+00
9.9999981506343E-01 1.7734547981374E+00
9.9999982425586E-01 1.7762832745488E+00
9.9999983299445E-01 1.7791117509601E+00
9.9999984130078E-01 1.7819402273715E+00
9.9999984919543E-01 1.7847687037829E+00
9.9999985669805E-01 1.7875971801943E+00
9.9999986382742E-01 1.7904256566056E+00
9.9999987060140E-01 1.7932541330170E+00
9.9999987703709E-01 1.7960826094284E+00
9.9999988315075E-01 1.7989110858397E+00
9.9999988895793E-01 1.8017395622511E+00
9.9999989447343E-01 1.8045680386625E+00
9.9999989971139E-01 1.8073965150738E+00
9.9999990468526E-01 1.8102249914852E+00
9.9999990940790E-01 1.8130534678965E+00
9.9999991389155E-01 1.8158819443079E+00
9.9999991814786E-01 1.8187104207193E+00
9.9999992218797E-01 1.8215388971306E+00
9.9999992602248E-01 1.8243673735420E+00
9.9999992966148E-01 1.8271958499534E+00
9.9999993311460E-01 1.8300243263647E+00
9.9999993639100E-01 1.8328528027761E+00
9.9999993949941E-01 1.8356812791875E+00
9.9999994244816E-01 1.8385097555988E+00
9.9999994524517E-01 1.8413382320102E+00
9.9999994789798E-01 1.8441667084216E+00
9.9999995041377E-01 1.8469951848329E+00
9.9999995279938E-01 1.8498236612443E+00
9.9999995506132E-01 1.8526521376556E+00
9.9999995720579E-01 1.8554806140670E+00
9.9999995923868E-01 1.8583090904784E+00
9.9999996116561E-01 1.8611375668897E+00
9.9999996299191E-01 1.8639660433011E+00
9.9999996472268E-01 1.8667945197125E+00
9.9999996636274E-01 1.8696229961238E+00
9.9999996791669E-01 1.8724514725352E+00
9.9999996938891E-01 1.8752799489465E+00
9.9999997078355E-01 1.8781084253579E+00
9.9999997210457E-01 1.8809369017693E+00
9.9999997335574E-01 1.8837653781806E+00
9.9999997454062E-01 1.8865938545920E+00
9.9999997566261E-01 1.8894223310033E+00
9.9999997672496E-01 1.8922508074147E+00
9.9999997773072E-01 1.8950792838261E+00
9.9999997868282E-01 1.8979077602374E+00
9.9999997958403E-01 1.9007362366488E+00
9.9999998043699E-01 1.9035647130602E+00
9.9999998124419E-01 1.9063931894715E+00
9.9999998200802E-01 1.9092216658829E+00
9.9999998273073E-01 1.9120501422942E+00
9.9999998341447E-01 1.9148786187056E+00
9.9999998406128E-01 1.9177070951170E+00
9.9999998467309E-01 1.9205355715283E+00
9.9999998525173E-01 1.9233640479397E+00
9.9999998579895E-01 1.9261925243510E+00
9.9999998631641E-01 1.9290210007624E+00
9.9999998680566E-01 1.9318494771738E+00
9.9999998726822E-01 1.9346779535851E+00
9.9999998770547E-01 1.9375064299965E+00
9.9999998811878E-01 1.9403349064078E+00
9.9999998850941E-01 1.9431633828192E+00
9.9999998887857E-01 1.9459918592306E+00
9.9999998922741E-01 1.9488203356419E+00
9.9999998955701E-01 1.9516488120533E+00
9.9999998986839E-01 1.9544772884646E+00
9.9999999016255E-01 1.9573057648760E+00
9.9999999044039E-01 1.9601342412874E+00
9.9999999070281E-01 1.9629627176987E+00
9.9999999095063E-01 1.9657911941101E+00
9.9999999118465E-01 1.9686196705214E+00
9.9999999140560E-01 1.9714481469328E+00
9.9999999161420E-01 1.9742766233442E+00
9.9999999181112E-01 1.9771050997555E+00
9.9999999199699E-01 1.9799335761669E+00
9.9999999217241E-01 1.9827620525782E+00
9.9999999233796E-01 1.9855905289896E+00
9.9999999249418E-01 1.9884190054010E+00
9.9999999264158E-01 1.9912474818123E+00
9.9999999278064E-01 1.9940759582237E+00
9.9999999291182E-01 1.9969044346350E+00
9.9999999303555E-01 1.9997329110464E+00
9.9999999315225E-01 2.0025613874578E+00
9.9999999326230E-01 2.0053898638691E+00
9.9999999336608E-01 2.0082183402805E+00
9.9999999346392E-01 2.0110468166918E+00
9.9999999355617E-01 2.0138752931032E+00
9.9999999364313E-01 2.0167037695146E+00
9.9999999372510E-01 2.0195322459259E+00
9.9999999380235E-01 2.0223607223373E+00
9.9999999387515E-01 2.0251891987486E+00
9.9999999394375E-01 2.0280176751600E+00
9.9999999400839E-01 2.0308461515714E+00
9.9999999406928E-01 2.0336746279827E+00
9.9999999412665E-01 2.0365031043941E+00
9.9999999418068E-01 2.0393315808054E+00
9.9999999423157E-01 2.0421600572168E+00
9.9999999427949E-01 2.0449885336282E+00
9.9999999432462E-01 2.0478170100395E+00
9.9999999436711E-01 2.0506454864509E+00
9.9999999440711E-01 2.0534739628622E+00
9.9999999444477E-01 2.0563024392736E+00
9.9999999448021E-01 2.0591309156850E+00
9.9999999451357E-01 2.0619593920963E+00
9.9999999454496E-01 2.0647878685077E+00
9.9999999457451E-01 2.0676163449190E+00
9.9999999460230E-01 2.0704448213304E+00
9.9999999462845E-01 2.0732732977418E+00
9.9999999465305E-01 2.0761017741531E+00
9.9999999467618E-01 2.0789302505645E+00
9.9999999469795E-01 2.0817587269758E+00
9.9999999471841E-01 2.0845872033872E+00
9.9999999473765E-01 2.0874156797986E+00
9.9999999475575E-01 2.0902441562099E+00
9.9999999477275E-01 2.0930726326213E+00
9.9999999478874E-01 2.0959011090326E+00
9.9999999480377E-01 2.0987295854440E+00
9.9999999481790E-01 2.1015580618554E+00
9.9999999483117E-01 2.1043865382667E+00
9.9999999484365E-01 2.1072150146781E+00
9.9999999485537E-01 2.1100434910894E+00
9.9999999486638E-01 2.1128719675008E+00
9.9999999487672E-01 2.1157004439122E+00
9.9999999488644E-01 2.1185289203235E+00
9.9999999489556E-01 2.1213573967349E+00
9.9999999490413E-01 2.1241858731462E+00
9.9999999491218E-01 2.1270143495576E+00
9.9999999491973E-01 2.1298428259690E+00
9.9999999492682E-01 2.1326713023803E+00
9.9999999493348E-01 2.1354997787917E+00
9.9999999493973E-01 2.1383282552030E+00
9.9999999494560E-01 2.1411567316144E+00
9.9999999495110E-01 2.1439852080257E+00
9.9999999495627E-01 2.1468136844371E+00
9.9999999496111E-01 2.1496421608485E+00
9.9999999496566E-01 2.1524706372598E+00
9.9999999496992E-01 2.1552991136712E+00
9.9999999497392E-01 2.1581275900825E+00
9.9999999497767E-01 2.1609560664939E+00
9.9999999498119E-01 2.1637845429053E+00
9.9999999498449E-01 2.1666130193166E+00
9.9999999498759E-01 2.1694414957280E+00
9.9999999499049E-01 2.1722699721393E+00
9.9999999499320E-01 2.1750984485507E+00
9.9999999499575E-01 2.1779269249621E+00
9.9999999499814E-01 2.1807554013734E+00
9.9999999500038E-01 2.1835838777848E+00
9.9999999500247E-01 2.1864123541961E+00
9.9999999500444E-01 2.1892408306075E+00
9.9999999500628E-01 2.1920693070189E+00
9.9999999500800E-01 2.1948977834302E+00
9.9999999500962E-01 2.1977262598416E+00
9.9999999501113E-01 2.2005547362529E+00
9.9999999501255E-01 2.2033832126643E+00
9.9999999501388E-01 2.2062116890757E+00
9.9999999501512E-01 2.2090401654870E+00
9.9999999501628E-01 2.2118686418984E+00
9.9999999501737E-01 2.2146971183097E+00
9.9999999501839E-01 2.2175255947211E+00
9.9999999501934E-01 2.2203540711325E+00
9.9999999502023E-01 2.2231825475438E+00
9.9999999502107E-01 2.2260110239552E+00
9.9999999502185E-01 2.2288395003665E+00
9.9999999502258E-01 2.2316679767779E+00
9.9999999502326E-01 2.2344964531893E+00
9.9999999502390E-01 2.2373249296006E+00
9.9999999502450E-01 2.2401534060120E+00
9.9999999502506E-01 2.2429818824233E+00
9.9999999502558E-01 2.2458103588347E+00
9.9999999502607E-01 2.2486388352461E+00
9.9999999502653E-01 2.2514673116574E+00
9.9999999502696E-01 2.2542957880688E+00
9.9999999502736E-01 2.2571242644801E+00
9.9999999502773E-01 2.2599527408915E+00
9.9999999502808E-01 2.2627812173029E+00
9.9999999502840E-01 2.2656096937142E+00
9.9999999502871E-01 2.2684381701256E+00
9.9999999502899E-01 2.2712666465369E+00
9.9999999502926E-01 2.2740951229483E+00
9.9999999502951E-01 2.2769235993596E+00
9.9999999502974E-01 2.2797520757710E+00
9.9999999502996E-01 2.2825805521824E+00
9.9999999503016E-01 2.2854090285937E+00
9.9999999503035E-01 2.2882375050051E+00
9.9999999503052E-01 2.2910659814164E+00
9.9999999503069E-01 2.2938944578278E+00
9.9999999503084E-01 2.2967229342392E+00
9.9999999503098E-01 2.2995514106505E+00
9.9999999503112E-01 2.3023798870619E+00
9.9999999503124E-01 2.3052083634732E+00
9.9999999503136E-01 2.3080368398846E+00
9.9999999503147E-01 2.3108653162960E+00
9.9999999503157E-01 2.3136937927073E+00
9.9999999503166E-01 2.3165222691187E+00
9.9999999503175E-01 2.3193507455300E+00
9.9999999503183E-01 2.3221792219414E+00
9.9999999503191E-01 2.3250076983528E+00
9.9999999503198E-01 2.3278361747641E+00
9.9999999503205E-01 2.3306646511755E+00
9.9999999503211E-01 2.3334931275868E+00
9.9999999503217E-01 2.3363216039982E+00
9.9999999503222E-01 2.3391500804096E+00
9.9999999503227E-01 2.3419785568209E+00
9.9999999503232E-01 2.3448070332323E+00
9.9999999503236E-01 2.3476355096436E+00
9.9999999503240E-01 2.3504639860550E+00
9.9999999503244E-01 2.3532924624664E+00
9.9999999503248E-01 2.3561209388777E+00
9.9999999503251E-01 2.3589494152891E+00
9.9999999503254E-01 2.3617778917004E+00
9.9999999503257E-01 2.3646063681118E+00
9.9999999503260E-01 2.3674348445231E+00
9.9999999503262E-01 2.3702633209345E+00
9.9999999503264E-01 2.3730917973459E+00
9.9999999503267E-01 2.3759202737572E+00
9.9999999503269E-01 2.3787487501686E+00
9.9999999503270E-01 2.3815772265799E+00
9.9999999503272E-01 2.3844057029913E+00
9.9999999503274E-01 2.3872341794027E+00
9.9999999503275E-01 2.3900626558140E+00
9.9999999503277E-01 2.3928911322254E+00
9.9999999503278E-01 2.3957196086367E+00
9.9999999503279E-01 2.3985480850481E+00
9.9999999503280E-01 2.4013765614595E+00
9.9999999503281E-01 2.4042050378708E+00
9.9999999503282E-01 2.4070335142822E+00
9.9999999503283E-01 2.4098619906935E+00
9.9999999503284E-01 2.4126904671049E+00
9.9999999503285E-01 2.4155189435163E+00
9.9999999503285E-01 2.4183474199276E+00
9.9999999503286E-01 2.4211758963390E+00
9.9999999503287E-01 2.4240043727503E+00
9.9999999503287E-01 2.4268328491617E+00
9.9999999503288E-01 2.4296613255731E+00
9.9999999503288E-01 2.4324898019844E+00
9.9999999503289E-01 2.4353182783958E+00
9.9999999503289E-01 2.4381467548071E+00
9.9999999503290E-01 2.4409752312185E+00
9.9999999503290E-01 2.4438037076299E+00
9.9999999503290E-01 2.4466321840412E+00
9.9999999503291E-01 2.4494606604526E+00
9.9999999503291E-01 2.4522891368639E+00
9.9999999503291E-01 2.4551176132753E+00
9.9999999503291E-01 2.4579460896866E+00
9.9999999503292E-01 2.4607745660980E+00
9.9999999503292E-01 2.4636030425094E+00
9.9999999503292E-01 2.4664315189207E+00
9.9999999503292E-01 2.4692599953321E+00
9.9999999503293E-01 2.4720884717434E+00
9.9999999503293E-01 2.4749169481548E+00
9.9999999503293E-01 2.4777454245662E+00
9.9999999503293E-01 2.4805739009775E+00
9.9999999503293E-01 2.4834023773889E+00
9.9999999503293E-01 2.4862308538002E+00
9.9999999503293E-01 2.4890593302116E+00
9.9999999503293E-01 2.4918878066230E+00
9.9999999503294E-01 2.4947162830343E+00
9.9999999503294E-01 2.4975447594457E+00
9.9999999503294E-01 2.5003732358570E+00
9.9999999503294E-01 2.5032017122684E+00
9.9999999503294E-01 2.5060301886798E+00
9.9999999503294E-01 2.5088586650911E+00
9.9999999503294E-01 2.5116871415025E+00
9.9999999503294E-01 2.5145156179138E+00
9.9999999503294E-01 2.5173440943252E+00
9.9999999503294E-01 2.5201725707366E+00
9.9999999503294E-01 2.5230010471479E+00
9.9999999503294E-01 2.5258295235593E+00
9.9999999503294E-01 2.5286579999706E+00
9.9999999503294E-01 2.5314864763820E+00
9.9999999503294E-01 2.5343149527934E+00
9.9999999503294E-01 2.5371434292047E+00
9.9999999503294E-01 2.5399719056161E+00
9.9999999503294E-01 2.5428003820274E+00
9.9999999503294E-01 2.5456288584388E+00
9.9999999503294E-01 2.5484573348501E+00
9.9999999503294E-01 2.5512858112615E+00
9.9999999503294E-01 2.5541142876729E+00
9.9999999503295E-01 2.5569427640842E+00
9.9999999503295E-01 2.5597712404956E+00
9.9999999503295E-01 2.5625997169069E+00
9.9999999503295E-01 2.5654281933183E+00
9.9999999503295E-01 2.5682566697297E+00
9.9999999503295E-01 2.5710851461410E+00
9.9999999503295E-01 2.5739136225524E+00
9.9999999503295E-01 2.5767420989637E+00
9.9999999503295E-01 2.5795705753751E+00
9.9999999503295E-01 2.5823990517865E+00
9.9999999503295E-01 2.5852275281978E+00
9.9999999503295E-01 2.5880560046092E+00
9.9999999503295E-01 2.5908844810205E+00
9.9999999503295E-01 2.5937129574319E+00
9.9999999503295E-01 2.5965414338433E+00
9.9999999503295E-01 2.5993699102546E+00
9.9999999503295E-01 2.6021983866660E+00
9.9999999503295E-01 2.6050268630773E+00
9.9999999503295E-01 2.6078553394887E+00
9.9999999503295E-01 2.6106838159001E+00
9.9999999503295E-01 2.6135122923114E+00
9.9999999503295E-01 2.6163407687228E+00
9.9999999503295E-01 2.6191692451341E+00
9.9999999503295E-01 2.6219977215455E+00
9.9999999503295E-01 2.6248261979569E+00
9.9999999503295E-01 2.6276546743682E+00
9.9999999503295E-01 2.6304831507796E+00
9.9999999503295E-01 2.6333116271909E+00
9.9999999503295E-01 2.6361401036023E+00
9.9999999503295E-01 2.6389685800136E+00
9.9999999503295E-01 2.6417970564250E+00
9.9999999503295E-01 2.6446255328364E+00
9.9999999503295E-01 2.6474540092477E+00
9.9999999503295E-01 2.6502824856591E+00
9.9999999503295E-01 2.6531109620704E+00
9.9999999503295E-01 2.6559394384818E+00
9.9999999503295E-01 2.6587679148932E+00
9.9999999503295E-01 2.6615963913045E+00
9.9999999503295E-01 2.6644248677159E+00
9.9999999503295E-01 2.6672533441272E+00
9.9999999503295E-01 2.6700818205386E+00
9.9999999503295E-01 2.6729102969500E+00
9.9999999503295E-01 2.6757387733613E+00
9.9999999503295E-01 2.6785672497727E+00
9.9999999503295E-01 2.6813957261840E+00
9.9999999503295E-01 2.6842242025954E+00
9.9999999503295E-01 2.6870526790068E+00
9.9999999503295E-01 2.6898811554181E+00
9.9999999503295E-01 2.6927096318295E+00
9.9999999503295E-01 2.6955381082408E+00
9.9999999503295E-01 2.6983665846522E+00
9.9999999503295E-01 2.7011950610636E+00
9.9999999503295E-01 2.7040235374749E+00
9.9999999503295E-01 2.7068520138863E+00
9.9999999503295E-01 2.7096804902976E+00
9.9999999503295E-01 2.7125089667090E+00
9.9999999503295E-01 2.7153374431204E+00
9.9999999503295E-01 2.7181659195317E+00
9.9999999503295E-01 2.7209943959431E+00
9.9999999503295E-01 2.7238228723544E+00
9.9999999503295E-01 2.7266513487658E+00
9.9999999503295E-01 2.7294798251771E+00
9.9999999503295E-01 2.7323083015885E+00
9.9999999503295E-01 2.7351367779999E+00
9.9999999503295E-01 2.7379652544112E+00
9.9999999503295E-01 2.7407937308226E+00
9.9999999503295E-01 2.7436222072339E+00
9.9999999503295E-01 2.7464506836453E+00
9.9999999503295E-01 2.7492791600567E+00
9.9999999503295E-01 2.7521076364680E+00
9.9999999503295E-01 2.7549361128794E+00
9.9999999503295E-01 2.7577645892907E+00
9.9999999503295E-01 2.7605930657021E+00
9.9999999503295E-01 2.7634215421135E+00
9.9999999503295E-01 2.7662500185248E+00
9.9999999503295E-01 2.7690784949362E+00
9.9999999503295E-01 2.7719069713475E+00
9.9999999503295E-01 2.7747354477589E+00
9.9999999503295E-01 2.7775639241703E+00
9.9999999503295E-01 2.7803924005816E+00
9.9999999503295E-01 2.7832208769930E+00
9.9999999503295E-01 2.7860493534043E+00
9.9999999503295E-01 2.7888778298157E+00
9.9999999503295E-01 2.7917063062271E+00
9.9999999503295E-01 2.7945347826384E+00
9.9999999503295E-01 2.7973632590498E+00
9.9999999503295E-01 2.8001917354611E+00
9.9999999503295E-01 2.8030202118725E+00
9.9999999503295E-01 2.8058486882839E+00
9.9999999503295E-01 2.8086771646952E+00
9.9999999503295E-01 2.8115056411066E+00
9.9999999503295E-01 2.8143341175179E+00
9.9999999503295E-01 2.8171625939293E+00
9.9999999503295E-01 2.8199910703406E+00
9.9999999503295E-01 2.8228195467520E+00
9.9999999503295E-01 2.8256480231634E+00
9.9999999503295E-01 2.8284764995747E+00
9.9999999503295E-01 2.8313049759861E+00
9.9999999503295E-01 2.8341334523974E+00
9.9999999503295E-01 2.8369619288088E+00
9.9999999503295E-01 2.8397904052202E+00
9.9999999503295E-01 2.8426188816315E+00
9.9999999503295E-01 2.8454473580429E+00
9.9999999503295E-01 2.8482758344542E+00
9.9999999503295E-01 2.8511043108656E+00
9.9999999503295E-01 2.8539327872770E+00
9.9999999503295E-01 2.8567612636883E+00
9.9999999503295E-01 2.8595897400997E+00
9.9999999503295E-01 2.8624182165110E+00
9.9999999503295E-01 2.8652466929224E+00
9.9999999503295E-01 2.8680751693338E+00
9.9999999503295E-01 2.8709036457451E+00
9.9999999503295E-01 2.8737321221565E+00
9.9999999503295E-01 2.8765605985678E+00
9.9999999503295E-01 2.8793890749792E+00
9.9999999503295E-01 2.8822175513906E+00
9.9999999503295E-01 2.8850460278019E+00
9.9999999503295E-01 2.8878745042133E+00
9.9999999503295E-01 2.8907029806246E+00
9.9999999503295E-01 2.8935314570360E+00
9.9999999503295E-01 2.8963599334474E+00
9.9999999503295E-01 2.8991884098587E+00
9.9999999503295E-01 2.9020168862701E+00
9.9999999503295E-01 2.9048453626814E+00
9.9999999503295E-01 2.9076738390928E+00
9.9999999503295E-01 2.9105023155041E+00
9.9999999503295E-01 2.9133307919155E+00
9.9999999503295E-01 2.9161592683269E+00
9.9999999503295E-01 2.9189877447382E+00
9.9999999503295E-01 2.9218162211496E+00
9.9999999503295E-01 2.9246446975609E+00
9.9999999503295E-01 2.9274731739723E+00
9.9999999503295E-01 2.9303016503837E+00
9.9999999503295E-01 2.9331301267950E+00
9.9999999503295E-01 2.9359586032064E+00
9.9999999503295E-01 2.9387870796177E+00
9.9999999503295E-01 2.9416155560291E+00
9.9999999503295E-01 2.9444440324405E+00
9.9999999503295E-01 2.9472725088518E+00
9.9999999503295E-01 2.9501009852632E+00
9.9999999503295E-01 2.9529294616745E+00
9.9999999503295E-01 2.9557579380859E+00
9.9999999503295E-01 2.9585864144973E+00
9.9999999503295E-01 2.9614148909086E+00
9.9999999503295E-01 2.9642433673200E+00
9.9999999503295E-01 2.9670718437313E+00
9.9999999503295E-01 2.9699003201427E+00
9.9999999503295E-01 2.9727287965541E+00
9.9999999503295E-01 2.9755572729654E+00
9.9999999503295E-01 2.9783857493768E+00
9.9999999503295E-01 2.9812142257881E+00
9.9999999503295E-01 2.9840427021995E+00
9.9999999503295E-01 2.9868711786109E+00
9.9999999503295E-01 2.9896996550222E+00
9.9999999503295E-01 2.9925281314336E+00
9.9999999503295E-01 2.9953566078449E+00
9.9999999503295E-01 2.9981850842563E+00
9.9999999503295E-01 3.0010135606676E+00
9.9999999503295E-01 3.0038420370790E+00
9.9999999503295E-01 3.0066705134904E+00
9.9999999503295E-01 3.0094989899017E+00
9.9999999503295E-01 3.0123274663131E+00
9.9999999503295E-01 3.0151559427244E+00
9.9999999503295E-01 3.0179844191358E+00
9.9999999503295E-01 3.0208128955472E+00
9.9999999503295E-01 3.0236413719585E+00
9.9999999503295E-01 3.0264698483699E+00
9.9999999503295E-01 3.0292983247812E+00
9.9999999503295E-01 3.0321268011926E+00
9.9999999503295E-01 3.0349552776040E+00
9.9999999503295E-01 3.0377837540153E+00
9.9999999503295E-01 3.0406122304267E+00
9.9999999503295E-01 3.0434407068380E+00
9.9999999503295E-01 3.0462691832494E+00
9.9999999503295E-01 3.0490976596608E+00
9.9999999503295E-01 3.0519261360721E+00
9.9999999503295E-01 3.0547546124835E+00
9.9999999503295E-01 3.0575830888948E+00
9.9999999503295E-01 3.0604115653062E+00
9.9999999503295E-01 3.0632400417176E+00
9.9999999503295E-01 3.0660685181289E+00
9.9999999503295E-01 3.0688969945403E+00
9.9999999503295E-01 3.0717254709516E+00
9.9999999503295E-01 3.0745539473630E+00
9.9999999503295E-01 3.0773824237744E+00
9.9999999503295E-01 3.0802109001857E+00
9.9999999503295E-01 3.0830393765971E+00
9.9999999503295E-01 3.0858678530084E+00
9.9999999503295E-01 3.0886963294198E+00
9.9999999503295E-01 3.0915248058311E+00
9.9999999503295E-01 3.0943532822425E+00
9.9999999503295E-01 3.0971817586539E+00
9.9999999503295E-01 3.1000102350652E+00
9.9999999503295E-01 3.1028387114766E+00
9.9999999503295E-01 3.1056671878879E+00
9.9999999503295E-01 3.1084956642993E+00
9.9999999503295E-01 3.1113241407107E+00
9.9999999503295E-01 3.1141526171220E+00
9.9999999503295E-01 3.1169810935334E+00
9.9999999503295E-01 3.1198095699447E+00
9.9999999503295E-01 3.1226380463561E+00
9.9999999503295E-01 3.1254665227675E+00
9.9999999503295E-01 3.1282949991788E+00
9.9999999503295E-01 3.1311234755902E+00
9.9999999503295E-01 3.1339519520015E+00
9.9999999503295E-01 3.1367804284129E+00
9.9999999503295E-01 3.1396089048243E+00
9.9999999503295E-01 3.1424373812356E+00
9.9999999503295E-01 3.1452658576470E+00
9.9999999503295E-01 3.1480943340583E+00
9.9999999503295E-01 3.1509228104697E+00
9.9999999503295E-01 3.1537512868811E+00
9.9999999503295E-01 3.1565797632924E+00
9.9999999503295E-01 3.1594082397038E+00
9.9999999503295E-01 3.1622367161151E+00
9.9999999503295E-01 3.1650651925265E+00
9.9999999503295E-01 3.1678936689379E+00
9.9999999503295E-01 3.1707221453492E+00
9.9999999503295E-01 3.1735506217606E+00
9.9999999503295E-01 3.1763790981719E+00
9.9999999503295E-01 3.1792075745833E+00
9.9999999503295E-01 3.1820360509946E+00
9.9999999503295E-01 3.1848645274060E+00
9.9999999503295E-01 3.1876930038174E+00
9.9999999503295E-01 3.1905214802287E+00
9.9999999503295E-01 3.1933499566401E+00
9.9999999503295E-01 3.1961784330514E+00
9.9999999503295E-01 3.1990069094628E+00
9.9999999503295E-01 3.2018353858742E+00
9.9999999503295E-01 3.2046638622855E+00
9.9999999503295E-01 3.2074923386969E+00
9.9999999503295E-01 3.2103208151082E+00
9.9999999503295E-01 3.2131492915196E+00
9.9999999503295E-01 3.2159777679310E+00
9.9999999503295E-01 3.2188062443423E+00
9.9999999503295E-01 3.2216347207537E+00
9.9999999503295E-01 3.2244631971650E+00
9.9999999503295E-01 3.2272916735764E+00
9.9999999503295E-01 3.2301201499878E+00
9.9999999503295E-01 3.2329486263991E+00
9.9999999503295E-01 3.2357771028105E+00
9.9999999503295E-01 3.2386055792218E+00
9.9999999503295E-01 3.2414340556332E+00
9.9999999503295E-01 3.2442625320446E+00
9.9999999503295E-01 3.2470910084559E+00
9.9999999503295E-01 3.2499194848673E+00
9.9999999503295E-01 3.2527479612786E+00
9.9999999503295E-01 3.2555764376900E+00
9.9999999503295E-01 3.2584049141014E+00
9.9999999503295E-01 3.2612333905127E+00
9.9999999503295E-01 3.2640618669241E+00
9.9999999503295E-01 3.2668903433354E+00
9.9999999503295E-01 3.2697188197468E+00
9.9999999503295E-01 3.2725472961581E+00
9.9999999503295E-01 3.2753757725695E+00
9.9999999503295E-01 3.2782042489809E+00
9.9999999503295E-01 3.2810327253922E+00
9.9999999503295E-01 3.2838612018036E+00
9.9999999503295E-01 3.2866896782149E+00
9.9999999503295E-01 3.2895181546263E+00
9.9999999503295E-01 3.2923466310377E+00
9.9999999503295E-01 3.2951751074490E+00
9.9999999503295E-01 3.2980035838604E+00
9.9999999503295E-01 3.3008320602717E+00
9.9999999503295E-01 3.3036605366831E+00
9.9999999503295E-01 3.3064890130945E+00
9.9999999503295E-01 3.3093174895058E+00
9.9999999503295E-01 3.3121459659172E+00
9.9999999503295E-01 3.3149744423285E+00
9.9999999503295E-01 3.3178029187399E+00
9.9999999503295E-01 3.3206313951513E+00
9.9999999503295E-01 3.3234598715626E+00
9.9999999503295E-01 3.3262883479740E+00
9.9999999503295E-01 3.3291168243853E+00
9.9999999503295E-01 3.3319453007967E+00
9.9999999503295E-01 3.3347737772081E+00
9.9999999503295E-01 3.3376022536194E+00
9.9999999503295E-01 3.3404307300308E+00
9.9999999503295E-01 3.3432592064421E+00
9.9999999503295E-01 3.3460876828535E+00
9.9999999503295E-01 3.3489161592649E+00
9.9999999503295E-01 3.3517446356762E+00
9.9999999503295E-01 3.3545731120876E+00
9.9999999503295E-01 3.3574015884989E+00
9.9999999503295E-01 3.3602300649103E+00
9.9999999503295E-01 3.3630585413216E+00
9.9999999503295E-01 3.3658870177330E+00
9.9999999503295E-01 3.3687154941444E+00
9.9999999503295E-01 3.3715439705557E+00
9.9999999503295E-01 3.3743724469671E+00
9.9999999503295E-01 3.3772009233784E+00
9.9999999503295E-01 3.3800293997898E+00
9.9999999503295E-01 3.3828578762012E+00
9.9999999503295E-01 3.3856863526125E+00
9.9999999503295E-01 3.3885148290239E+00
9.9999999503295E-01 3.3913433054352E+00
9.9999999503295E-01 3.3941717818466E+00
9.9999999503295E-01 3.3970002582580E+00
9.9999999503295E-01 3.3998287346693E+00
9.9999999503295E-01 3.4026572110807E+00
9.9999999503295E-01 3.4054856874920E+00
9.9999999503295E-01 3.4083141639034E+00
9.9999999503295E-01 3.4111426403148E+00
9.9999999503295E-01 3.4139711167261E+00
9.9999999503295E-01 3.4167995931375E+00
9.9999999503295E-01 3.4196280695488E+00
9.9999999503295E-01 3.4224565459602E+00
9.9999999503295E-01 3.4252850223716E+00
9.9999999503295E-01 3.4281134987829E+00
9.9999999503295E-01 3.4309419751943E+00
9.9999999503295E-01 3.4337704516056E+00
9.9999999503295E-01 3.4365989280170E+00
9.9999999503295E-01 3.4394274044284E+00
9.9999999503295E-01 3.4422558808397E+00
9.9999999503295E-01 3.4450843572511E+00
9.9999999503295E-01 3.4479128336624E+00
9.9999999503295E-01 3.4507413100738E+00
9.9999999503295E-01 3.4535697864851E+00
9.9999999503295E-01 3.4563982628965E+00
9.9999999503295E-01 3.4592267393079E+00
9.9999999503295E-01 3.4620552157192E+00
9.9999999503295E-01 3.4648836921306E+00
9.9999999503295E-01 3.4677121685419E+00
9.9999999503295E-01 3.4705406449533E+00
9.9999999503295E-01 3.4733691213647E+00
9.9999999503295E-01 3.4761975977760E+00
9.9999999503295E-01 3.4790260741874E+00
9.9999999503295E-01 3.4818545505987E+00
9.9999999503295E-01 3.4846830270101E+00
9.9999999503295E-01 3.4875115034215E+00
9.9999999503295E-01 3.4903399798328E+00
9.9999999503295E-01 3.4931684562442E+00
9.9999999503295E-01 3.4959969326555E+00
9.9999999503295E-01 3.4988254090669E+00
9.9999999503295E-01 3.5016538854783E+00
9.9999999503295E-01 3.5044823618896E+00
9.9999999503295E-01 3.5073108383010E+00
9.9999999503295E-01 3.5101393147123E+00
9.9999999503295E-01 3.5129677911237E+00
9.9999999503295E-01 3.5157962675351E+00
9.9999999503295E-01 3.5186247439464E+00
9.9999999503295E-01 3.5214532203578E+00
9.9999999503295E-01 3.5242816967691E+00
9.9999999503295E-01 3.5271101731805E+00
9.9999999503295E-01 3.5299386495919E+00
9.9999999503295E-01 3.5327671260032E+00
9.9999999503295E-01 3.5355956024146E+00
9.9999999503295E-01 3.5384240788259E+00
9.9999999503295E-01 3.5412525552373E+00
9.9999999503295E-01 3.5440810316486E+00
9.9999999503295E-01 3.5469095080600E+00
9.9999999503295E-01 3.5497379844714E+00
9.9999999503295E-01 3.5525664608827E+00
9.9999999503295E-01 3.5553949372941E+00
9.9999999503295E-01 3.5582234137054E+00
9.9999999503295E-01 3.5610518901168E+00
9.9999999503295E-01 3.5638803665282E+00
9.9999999503295E-01 3.5667088429395E+00
9.9999999503295E-01 3.5695373193509E+00
9.9999999503295E-01 3.5723657957622E+00
9.9999999503295E-01 3.5751942721736E+00
9.9999999503295E-01 3.5780227485850E+00
9.9999999503295E-01 3.5808512249963E+00
9.9999999503295E-01 3.5836797014077E+00
9.9999999503295E-01 3.5865081778190E+00
9.9999999503295E-01 3.5893366542304E+00
9.9999999503295E-01 3.5921651306418E+00
9.9999999503295E-01 3.5949936070531E+00
9.9999999503295E-01 3.5978220834645E+00
9.9999999503295E-01 3.6006505598758E+00
9.9999999503295E-01 3.6034790362872E+00
9.9999999503295E-01 3.6063075126986E+00
9.9999999503295E-01 3.6091359891099E+00
9.9999999503295E-01 3.6119644655213E+00
9.9999999503295E-01 3.6147929419326E+00
9.9999999503295E-01 3.6176214183440E+00
9.9999999503295E-01 3.6204498947553E+00
9.9999999503295E-01 3.6232783711667E+00
9.9999999503295E-01 3.6261068475781E+00
9.9999999503295E-01 3.6289353239894E+00
9.9999999503295E-01 3.6317638004008E+00
9.9999999503295E-01 3.6345922768121E+00
9.9999999503295E-01 3.6374207532235E+00
9.9999999503295E-01 3.6402492296349E+00
9.9999999503295E-01 3.6430777060462E+00
9.9999999503295E-01 3.6459061824576E+00
9.9999999503295E-01 3.6487346588689E+00
9.9999999503295E-01 3.6515631352803E+00
9.9999999503295E-01 3.6543916116917E+00
9.9999999503295E-01 3.6572200881030E+00
9.9999999503295E-01 3.6600485645144E+00
9.9999999503295E-01 3.6628770409257E+00
9.9999999503295E-01 3.6657055173371E+00
9.9999999503295E-01 3.6685339937485E+00
9.9999999503295E-01 3.6713624701598E+00
9.9999999503295E-01 3.6741909465712E+00
9.9999999503295E-01 3.6770194229825E+00
9.9999999503295E-01 3.6798478993939E+00
9.9999999503295E-01 3.6826763758053E+00
9.9999999503295E-01 3.6855048522166E+00
9.9999999503295E-01 3.6883333286280E+00
9.9999999503295E-01 3.6911618050393E+00
9.9999999503295E-01 3.6939902814507E+00
9.9999999503295E-01 3.6968187578621E+00
9.9999999503295E-01 3.6996472342734E+00
9.9999999503295E-01 3.7024757106848E+00
9.9999999503295E-01 3.7053041870961E+00
9.9999999503295E-01 3.7081326635075E+00
9.9999999503295E-01 3.7109611399188E+00
9.9999999503295E-01 3.7137896163302E+00
9.9999999503295E-01 3.7166180927416E+00
9.9999999503295E-01 3.7194465691529E+00
9.9999999503295E-01 3.7222750455643E+00
9.9999999503295E-01 3.7251035219756E+00
9.9999999503295E-01 3.7279319983870E+00
9.9999999503295E-01 3.7307604747984E+00
9.9999999503295E-01 3.7335889512097E+00
9.9999999503295E-01 3.7364174276211E+00
9.9999999503295E-01 3.7392459040324E+00
9.9999999503295E-01 3.7420743804438E+00
9.9999999503295E-01 3.7449028568552E+00
9.9999999503295E-01 3.7477313332665E+00
9.9999999503295E-01 3.7505598096779E+00
9.9999999503295E-01 3.7533882860892E+00
9.9999999503295E-01 3.7562167625006E+00
9.9999999503295E-01 3.7590452389120E+00
9.9999999503295E-01 3.7618737153233E+00
9.9999999503295E-01 3.7647021917347E+00
9.9999999503295E-01 3.7675306681460E+00
9.9999999503295E-01 3.7703591445574E+00
9.9999999503295E-01 3.7731876209688E+00
9.9999999503295E-01 3.7760160973801E+00
9.9999999503295E-01 3.7788445737915E+00
9.9999999503295E-01 3.7816730502028E+00
9.9999999503295E-01 3.7845015266142E+00
9.9999999503295E-01 3.7873300030256E+00
9.9999999503295E-01 3.7901584794369E+00
9.9999999503295E-01 3.7929869558483E+00
9.9999999503295E-01 3.7958154322596E+00
9.9999999503295E-01 3.7986439086710E+00
9.9999999503295E-01 3.8014723850823E+00
9.9999999503295E-01 3.8043008614937E+00
9.9999999503295E-01 3.8071293379051E+00
9.9999999503295E-01 3.8099578143164E+00
9.9999999503295E-01 3.8127862907278E+00
9.9999999503295E-01 3.8156147671391E+00
9.9999999503295E-01 3.8184432435505E+00
9.9999999503295E-01 3.8212717199619E+00
9.9999999503295E-01 3.8241001963732E+00
9.9999999503295E-01 3.8269286727846E+00
9.9999999503295E-01 3.8297571491959E+00
9.9999999503295E-01 3.8325856256073E+00
9.9999999503295E-01 3.8354141020187E+00
9.9999999503295E-01 3.8382425784300E+00
9.9999999503295E-01 3.8410710548414E+00
9.9999999503295E-01 3.8438995312527E+00
9.9999999503295E-01 3.8467280076641E+00
9.9999999503295E-01 3.8495564840755E+00
9.9999999503295E-01 3.8523849604868E+00
9.9999999503295E-01 3.8552134368982E+00
9.9999999503295E-01 3.8580419133095E+00
9.9999999503295E-01 3.8608703897209E+00
9.9999999503295E-01 3.8636988661323E+00
9.9999999503295E-01 3.8665273425436E+00
9.9999999503295E-01 3.8693558189550E+00
9.9999999503295E-01 3.8721842953663E+00
9.9999999503295E-01 3.8750127717777E+00
9.9999999503295E-01 3.8778412481891E+00
9.9999999503295E-01 3.8806697246004E+00
9.9999999503295E-01 3.8834982010118E+00
9.9999999503295E-01 3.8863266774231E+00
9.9999999503295E-01 3.8891551538345E+00
9.9999999503295E-01 3.8919836302458E+00
9.9999999503295E-01 3.8948121066572E+00
9.9999999503295E-01 3.8976405830686E+00
9.9999999503295E-01 3.9004690594799E+00
9.9999999503295E-01 3.9032975358913E+00
9.9999999503295E-01 3.9061260123026E+00
9.9999999503295E-01 3.9089544887140E+00
9.9999999503295E-01 3.9117829651254E+00
9.9999999503295E-01 3.9146114415367E+00
9.9999999503295E-01 3.9174399179481E+00
9.9999999503295E-01 3.9202683943594E+00
9.9999999503295E-01 3.9230968707708E+00
9.9999999503295E-01 3.9259253471822E+00
9.9999999503295E-01 3.9287538235935E+00
9.9999999503295E-01 3.9315823000049E+00
9.9999999503295E-01 3.9344107764162E+00
9.9999999503295E-01 3.9372392528276E+00
9.9999999503295E-01 3.9400677292390E+00
9.9999999503295E-01 3.9428962056503E+00
9.9999999503295E-01 3.9457246820617E+00
9.9999999503295E-01 3.9485531584730E+00
9.9999999503295E-01 3.9513816348844E+00
9.9999999503295E-01 3.9542101112958E+00
9.9999999503295E-01 3.9570385877071E+00
9.9999999503295E-01 3.9598670641185E+00
9.9999999503295E-01 3.9626955405298E+00
9.9999999503295E-01 3.9655240169412E+00
9.9999999503295E-01 3.9683524933526E+00
9.9999999503295E-01 3.9711809697639E+00
9.9999999503295E-01 3.9740094461753E+00
9.9999999503295E-01 3.9768379225866E+00
9.9999999503295E-01 3.9796663989980E+00
9.9999999503295E-01 3.9824948754093E+00
9.9999999503295E-01 3.9853233518207E+00
9.9999999503295E-01 3.9881518282321E+00
9.9999999503295E-01 3.9909803046434E+00
9.9999999503295E-01 3.9938087810548E+00
9.9999999503295E-01 3.9966372574661E+00
9.9999999503295E-01 3.9994657338775E+00
9.9999999503295E-01 4.0022942102889E+00
9.9999999503295E-01 4.0051226867002E+00
9.9999999503295E-01 4.0079511631116E+00
9.9999999503295E-01 4.0107796395229E+00
9.9999999503295E-01 4.0136081159343E+00
9.9999999503295E-01 4.0164365923457E+00
9.9999999503295E-01 4.0192650687570E+00
9.9999999503295E-01 4.0220935451684E+00
9.9999999503295E-01 4.0249220215797E+00
9.9999999503295E-01 4.0277504979911E+00
9.9999999503295E-01 4.0305789744025E+00
9.9999999503295E-01 4.0334074508138E+00
9.9999999503295E-01 4.0362359272252E+00
9.9999999503295E-01 4.0390644036365E+00
9.9999999503295E-01 4.0418928800479E+00
9.9999999503295E-01 4.0447213564593E+00
9.9999999503295E-01 4.0475498328706E+00
9.9999999503295E-01 4.0503783092820E+00
9.9999999503295E-01 4.0532067856933E+00
9.9999999503295E-01 4.0560352621047E+00
9.9999999503295E-01 4.0588637385161E+00
9.9999999503295E-01 4.0616922149274E+00
9.9999999503295E-01 4.0645206913388E+00
9.9999999503295E-01 4.0673491677501E+00
9.9999999503295E-01 4.0701776441615E+00
9.9999999503295E-01 4.0730061205728E+00
9.9999999503295E-01 4.0758345969842E+00
9.9999999503295E-01 4.0786630733956E+00
9.9999999503295E-01 4.0814915498069E+00
9.9999999503295E-01 4.0843200262183E+00
9.9999999503295E-01 4.0871485026296E+00
9.9999999503295E-01 4.0899769790410E+00
9.9999999503295E-01 4.0928054554524E+00
9.9999999503295E-01 4.0956339318637E+00
9.9999999503295E-01 4.0984624082751E+00
9.9999999503295E-01 4.1012908846864E+00
9.9999999503295E-01 4.1041193610978E+00
9.9999999503295E-01 4.1069478375092E+00
9.9999999503295E-01 4.1097763139205E+00
9.9999999503295E-01 4.1126047903319E+00
9.9999999503295E-01 4.1154332667432E+00
9.9999999503295E-01 4.1182617431546E+00
9.9999999503295E-01 4.1210902195660E+00
9.9999999503295E-01 4.1239186959773E+00
9.9999999503295E-01 4.1267471723887E+00
9.9999999503295E-01 4.1295756488000E+00
9.9999999503295E-01 4.1324041252114E+00
9.9999999503295E-01 4.1352326016228E+00
9.9999999503295E-01 4.1380610780341E+00
9.9999999503295E-01 4.1408895544455E+00
9.9999999503295E-01 4.1437180308568E+00
9.9999999503295E-01 4.1465465072682E+00
9.9999999503295E-01 4.1493749836796E+00
9.9999999503295E-01 4.1522034600909E+00
9.9999999503295E-01 4.1550319365023E+00
9.9999999503295E-01 4.1578604129136E+00
9.9999999503295E-01 4.1606888893250E+00
9.9999999503295E-01 4.1635173657363E+00
9.9999999503295E-01 4.1663458421477E+00
9.9999999503295E-01 4.1691743185591E+00
9.9999999503295E-01 4.1720027949704E+00
9.9999999503295E-01 4.1748312713818E+00
9.9999999503295E-01 4.1776597477931E+00
9.9999999503295E-01 4.1804882242045E+00
9.9999999503295E-01 4.1833167006159E+00
9.9999999503295E-01 4.1861451770272E+00
9.9999999503295E-01 4.1889736534386E+00
9.9999999503295E-01 4.1918021298499E+00
9.9999999503295E-01 4.1946306062613E+00
9.9999999503295E-01 4.1974590826727E+00
9.9999999503295E-01 4.2002875590840E+00
9.9999999503295E-01 4.2031160354954E+00
9.9999999503295E-01 4.2059445119067E+00
9.9999999503295E-01 4.2087729883181E+00
9.9999999503295E-01 4.2116014647295E+00
9.9999999503295E-01 4.2144299411408E+00
9.9999999503295E-01 4.2172584175522E+00
9.9999999503295E-01 4.2200868939635E+00
9.9999999503295E-01 4.2229153703749E+00
9.9999999503295E-01 4.2257438467863E+00
9.9999999503295E-01 4.2285723231976E+00
9.9999999503295E-01 4.2314007996090E+00
9.9999999503295E-01 4.2342292760203E+00
9.9999999503295E-01 4.2370577524317E+00
9.9999999503295E-01 4.2398862288431E+00
9.9999999503295E-01 4.2427147052544E+00
9.9999999503295E-01 4.2455431816658E+00
9.9999999503295E-01 4.2483716580771E+00
9.9999999503295E-01 4.2512001344885E+00
9.9999999503295E-01 4.2540286108998E+00
9.9999999503295E-01 4.2568570873112E+00
9.9999999503295E-01 4.2596855637226E+00
9.9999999503295E-01 4.2625140401339E+00
9.9999999503295E-01 4.2653425165453E+00
9.9999999503295E-01 4.2681709929566E+00
9.9999999503295E-01 4.2709994693680E+00
9.9999999503295E-01 4.2738279457794E+00
9.9999999503295E-01 4.2766564221907E+00
9.9999999503295E-01 4.2794848986021E+00
9.9999999503295E-01 4.2823133750134E+00
9.9999999503295E-01 4.2851418514248E+00
9.9999999503295E-01 4.2879703278362E+00
9.9999999503295E-01 4.2907988042475E+00
9.9999999503295E-01 4.2936272806589E+00
9.9999999503295E-01 4.2964557570702E+00
9.9999999503295E-01 4.2992842334816E+00
9.9999999503295E-01 4.3021127098930E+00
9.9999999503295E-01 4.3049411863043E+00
9.9999999503295E-01 4.3077696627157E+00
9.9999999503295E-01 4.3105981391270E+00
9.9999999503295E-01 4.3134266155384E+00
9.9999999503295E-01 4.3162550919498E+00
9.9999999503295E-01 4.3190835683611E+00
9.9999999503295E-01 4.3219120447725E+00
9.9999999503295E-01 4.3247405211838E+00
9.9999999503295E-01 4.3275689975952E+00
9.9999999503295E-01 4.3303974740066E+00
9.9999999503295E-01 4.3332259504179E+00
9.9999999503295E-01 4.3360544268293E+00
9.9999999503295E-01 4.3388829032406E+00
9.9999999503295E-01 4.3417113796520E+00
9.9999999503295E-01 4.3445398560633E+00
9.9999999503295E-01 4.3473683324747E+00
9.9999999503295E-01 4.3501968088861E+00
9.9999999503295E-01 4.3530252852974E+00
9.9999999503295E-01 4.3558537617088E+00
9.9999999503295E-01 4.3586822381201E+00
9.9999999503295E-01 4.3615107145315E+00
9.9999999503295E-01 4.3643391909429E+00
9.9999999503295E-01 4.3671676673542E+00
9.9999999503295E-01 4.3699961437656E+00
9.9999999503295E-01 4.3728246201769E+00
9.9999999503295E-01 4.3756530965883E+00
9.9999999503295E-01 4.3784815729997E+00
9.9999999503295E-01 4.3813100494110E+00
9.9999999503295E-01 4.3841385258224E+00
9.9999999503295E-01 4.3869670022337E+00
9.9999999503295E-01 4.3897954786451E+00
9.9999999503295E-01 4.3926239550565E+00
9.9999999503295E-01 4.3954524314678E+00
9.9999999503295E-01 4.3982809078792E+00
9.9999999503295E-01 4.4011093842905E+00
9.9999999503295E-01 4.4039378607019E+00
9.9999999503295E-01 4.4067663371133E+00
9.9999999503295E-01 4.4095948135246E+00
9.9999999503295E-01 4.4124232899360E+00
9.9999999503295E-01 4.4152517663473E+00
9.9999999503295E-01 4.4180802427587E+00
9.9999999503295E-01 4.4209087191701E+00
9.9999999503295E-01 4.4237371955814E+00
9.9999999503295E-01 4.4265656719928E+00
9.9999999503295E-01 4.4293941484041E+00
9.9999999503295E-01 4.4322226248155E+00
9.9999999503295E-01 4.4350511012268E+00
9.9999999503295E-01 4.4378795776382E+00
9.9999999503295E-01 4.4407080540496E+00
9.9999999503295E-01 4.4435365304609E+00
9.9999999503295E-01 4.4463650068723E+00
9.9999999503295E-01 4.4491934832836E+00
9.9999999503295E-01 4.4520219596950E+00
9.9999999503295E-01 4.4548504361064E+00
9.9999999503295E-01 4.4576789125177E+00
9.9999999503295E-01 4.4605073889291E+00
9.9999999503295E-01 4.4633358653404E+00
9.9999999503295E-01 4.4661643417518E+00
9.9999999503295E-01 4.4689928181632E+00
9.9999999503295E-01 4.4718212945745E+00
9.9999999503295E-01 4.4746497709859E+00
9.9999999503295E-01 4.4774782473972E+00
9.9999999503295E-01 4.4803067238086E+00
9.9999999503295E-01 4.4831352002200E+00
9.9999999503295E-01 4.4859636766313E+00
9.9999999503295E-01 4.4887921530427E+00
9.9999999503295E-01 4.4916206294540E+00
9.9999999503295E-01 4.4944491058654E+00
9.9999999503295E-01 4.4972775822768E+00
9.9999999503295E-01 4.5001060586881E+00
9.9999999503295E-01 4.5029345350995E+00
9.9999999503295E-01 4.5057630115108E+00
9.9999999503295E-01 4.5085914879222E+00
9.9999999503295E-01 4.5114199643336E+00
9.9999999503295E-01 4.5142484407449E+00
9.9999999503295E-01 4.5170769171563E+00
9.9999999503295E-01 4.5199053935676E+00
9.9999999503295E-01 4.5227338699790E+00
9.9999999503295E-01 4.5255623463903E+00
9.9999999503295E-01 4.5283908228017E+00
9.9999999503295E-01 4.5312192992131E+00
9.9999999503295E-01 4.5340477756244E+00
9.9999999503295E-01 4.5368762520358E+00
9.9999999503295E-01 4.5397047284471E+00
9.9999999503295E-01 4.5425332048585E+00
9.9999999503295E-01 4.5453616812699E+00
9.9999999503295E-01 4.5481901576812E+00
9.9999999503295E-01 4.5510186340926E+00
9.9999999503295E-01 4.5538471105039E+00
9.9999999503295E-01 4.5566755869153E+00
9.9999999503295E-01 4.5595040633267E+00
9.9999999503295E-01 4.5623325397380E+00
9.9999999503295E-01 4.5651610161494E+00
9.9999999503295E-01 4.5679894925607E+00
9.9999999503295E-01 4.5708179689721E+00
9.9999999503295E-01 4.5736464453835E+00
9.9999999503295E-01 4.5764749217948E+00
9.9999999503295E-01 4.5793033982062E+00
9.9999999503295E-01 4.5821318746175E+00
9.9999999503295E-01 4.5849603510289E+00
9.9999999503295E-01 4.5877888274403E+00
9.9999999503295E-01 4.5906173038516E+00
9.9999999503295E-01 4.5934457802630E+00
9.9999999503295E-01 4.5962742566743E+00
9.9999999503295E-01 4.5991027330857E+00
9.9999999503295E-01 4.6019312094971E+00
9.9999999503295E-01 4.6047596859084E+00
9.9999999503295E-01 4.6075881623198E+00
9.9999999503295E-01 4.6104166387311E+00
9.9999999503295E-01 4.6132451151425E+00
9.9999999503295E-01 4.6160735915539E+00
9.9999999503295E-01 4.6189020679652E+00
9.9999999503295E-01 4.6217305443766E+00
9.9999999503295E-01 4.6245590207879E+00
9.9999999503295E-01 4.6273874971993E+00
9.9999999503295E-01 4.6302159736107E+00
9.9999999503295E-01 4.6330444500220E+00
9.9999999503295E-01 4.6358729264334E+00
9.9999999503295E-01 4.6387014028447E+00
9.9999999503295E-01 4.6415298792561E+00
9.9999999503295E-01 4.6443583556675E+00
9.9999999503295E-01 4.6471868320788E+00
9.9999999503295E-01 4.6500153084902E+00
9.9999999503295E-01 4.6528437849015E+00
9.9999999503295E-01 4.6556722613129E+00
9.9999999503295E-01 4.6585007377243E+00
9.9999999503295E-01 4.6613292141356E+00
9.9999999503295E-01 4.6641576905470E+00
9.9999999503295E-01 4.6669861669583E+00
9.9999999503295E-01 4.6698146433697E+00
9.9999999503295E-01 4.6726431197811E+00
9.9999999503295E-01 4.6754715961924E+00
9.9999999503295E-01 4.6783000726038E+00
9.9999999503295E-01 4.6811285490151E+00
9.9999999503295E-01 4.6839570254265E+00
9.9999999503295E-01 4.6867855018379E+00
9.9999999503295E-01 4.6896139782492E+00
9.9999999503295E-01 4.6924424546606E+00
9.9999999503295E-01 4.6952709310719E+00
9.9999999503295E-01 4.6980994074833E+00
9.9999999503295E-01 4.7009278838947E+00
9.9999999503295E-01 4.7037563603060E+00
9.9999999503295E-01 4.7065848367174E+00
9.9999999503295E-01 4.7094133131287E+00
9.9999999503295E-01 4.7122417895401E+00
9.9999999503295E-01 4.7150702659515E+00
9.9999999503295E-01 4.7178987423628E+00
9.9999999503295E-01 4.7207272187742E+00
9.9999999503295E-01 4.7235556951855E+00
9.9999999503295E-01 4.7263841715969E+00
9.9999999503295E-01 4.7292126480083E+00
9.9999999503295E-01 4.7320411244196E+00
9.9999999503295E-01 4.7348696008310E+00
9.9999999503295E-01 4.7376980772423E+00
9.9999999503295E-01 4.7405265536537E+00
9.9999999503295E-01 4.7433550300651E+00
9.9999999503295E-01 4.7461835064764E+00
9.9999999503295E-01 4.7490119828878E+00
9.9999999503295E-01 4.7518404592991E+00
9.9999999503295E-01 4.7546689357105E+00
9.9999999503295E-01 4.7574974121219E+00
9.9999999503295E-01 4.7603258885332E+00
9.9999999503295E-01 4.7631543649446E+00
9.9999999503295E-01 4.7659828413559E+00
9.9999999503295E-01 4.7688113177673E+00
9.9999999503295E-01 4.7716397941787E+00
9.9999999503295E-01 4.7744682705900E+00
9.9999999503295E-01 4.7772967470014E+00
9.9999999503295E-01 4.7801252234127E+00
9.9999999503295E-01 4.7829536998241E+00
9.9999999503295E-01 4.7857821762355E+00
9.9999999503295E-01 4.7886106526468E+00
9.9999999503295E-01 4.7914391290582E+00
9.9999999503295E-01 4.7942676054695E+00
9.9999999503295E-01 4.7970960818809E+00
9.9999999503295E-01 4.7999245582923E+00
9.9999999503295E-01 4.8027530347036E+00
9.9999999503295E-01 4.8055815111150E+00
9.9999999503295E-01 4.8084099875263E+00
9.9999999503295E-01 4.8112384639377E+00
9.9999999503295E-01 4.8140669403491E+00
9.9999999503295E-01 4.8168954167604E+00
9.9999999503295E-01 4.8197238931718E+00
9.9999999503295E-01 4.8225523695831E+00
9.9999999503295E-01 4.8253808459945E+00
9.9999999503295E-01 4.8282093224059E+00
9.9999999503295E-01 4.8310377988172E+00
9.9999999503295E-01 4.8338662752286E+00
9.9999999503295E-01 4.8366947516399E+00
9.9999999503295E-01 4.8395232280513E+00
9.9999999503295E-01 4.8423517044627E+00
9.9999999503295E-01 4.8451801808740E+00
9.9999999503295E-01 4.8480086572854E+00
9.9999999503295E-01 4.8508371336967E+00
9.9999999503295E-01 4.8536656101081E+00
9.9999999503295E-01 4.8564940865195E+00
9.9999999503295E-01 4.8593225629308E+00
9.9999999503295E-01 4.8621510393422E+00
9.9999999503295E-01 4.8649795157535E+00
9.9999999503295E-01 4.8678079921649E+00
9.9999999503295E-01 4.8706364685763E+00
9.9999999503295E-01 4.8734649449876E+00
9.9999999503295E-01 4.8762934213990E+00
9.9999999503295E-01 4.8791218978103E+00
9.9999999503295E-01 4.8819503742217E+00
9.9999999503295E-01 4.8847788506331E+00
9.9999999503295E-01 4.8876073270444E+00
9.9999999503295E-01 4.8904358034558E+00
9.9999999503295E-01 4.8932642798671E+00
9.9999999503295E-01 4.8960927562785E+00
9.9999999503295E-01 4.8989212326899E+00
9.9999999503295E-01 4.9017497091012E+00
9.9999999503295E-01 4.9045781855126E+00
9.9999999503295E-01 4.9074066619239E+00
9.9999999503295E-01 4.9102351383353E+00
9.9999999503295E-01 4.9130636147467E+00
9.9999999503295E-01 4.9158920911580E+00
9.9999999503295E-01 4.9187205675694E+00
9.9999999503295E-01 4.9215490439807E+00
9.9999999503295E-01 4.9243775203921E+00
9.9999999503295E-01 4.9272059968035E+00
9.9999999503295E-01 4.9300344732148E+00
9.9999999503295E-01 4.9328629496262E+00
9.9999999503295E-01 4.9356914260375E+00
9.9999999503295E-01 4.9385199024489E+00
9.9999999503295E-01 4.9413483788602E+00
9.9999999503295E-01 4.9441768552716E+00
9.9999999503295E-01 4.9470053316830E+00
9.9999999503295E-01 4.9498338080943E+00
9.9999999503295E-01 4.9526622845057E+00
9.9999999503295E-01 4.9554907609170E+00
9.9999999503295E-01 4.9583192373284E+00
9.9999999503295E-01 4.9611477137398E+00
9.9999999503295E-01 4.9639761901511E+00
9.9999999503295E-01 4.9668046665625E+00
9.9999999503295E-01 4.9696331429738E+00
9.9999999503295E-01 4.9724616193852E+00
9.9999999503295E-01 4.9752900957966E+00
9.9999999503295E-01 4.9781185722079E+00
9.9999999503295E-01 4.9809470486193E+00
9.9999999503295E-01 4.9837755250306E+00
9.9999999503295E-01 4.9866040014420E+00
9.9999999503295E-01 4.9894324778534E+00
9.9999999503295E-01 4.9922609542647E+00
9.9999999503295E-01 4.9950894306761E+00
9.9999999503295E-01 4.9979179070874E+00
9.9999999503295E-01 5.0007463834988E+00
9.9999999503295E-01 5.0035748599102E+00
9.9999999503295E-01 5.0064033363215E+00
9.9999999503295E-01 5.0092318127329E+00
9.9999999503295E-01 5.0120602891442E+00
9.9999999503295E-01 5.0148887655556E+00
9.9999999503295E-01 5.0177172419670E+00
9.9999999503295E-01 5.0205457183783E+00
9.9999999503295E-01 5.0233741947897E+00
9.9999999503295E-01 5.0262026712010E+00
9.9999999503295E-01 5.0290311476124E+00
9.9999999503295E-01 5.0318596240238E+00
9.9999999503295E-01 5.0346881004351E+00
9.9999999503295E-01 5.0375165768465E+00
9.9999999503295E-01 5.0403450532578E+00
9.9999999503295E-01 5.0431735296692E+00
9.9999999503295E-01 5.0460020060806E+00
9.9999999503295E-01 5.0488304824919E+00
9.9999999503295E-01 5.0516589589033E+00
9.9999999503295E-01 5.0544874353146E+00
9.9999999503295E-01 5.0573159117260E+00
9.9999999503295E-01 5.0601443881374E+00
9.9999999503295E-01 5.0629728645487E+00
9.9999999503295E-01 5.0658013409601E+00
9.9999999503295E-01 5.0686298173714E+00
9.9999999503295E-01 5.0714582937828E+00
9.9999999503295E-01 5.0742867701942E+00
9.9999999503295E-01 5.0771152466055E+00
9.9999999503295E-01 5.0799437230169E+00
9.9999999503295E-01 5.0827721994282E+00
9.9999999503295E-01 5.0856006758396E+00
9.9999999503295E-01 5.0884291522510E+00
9.9999999503295E-01 5.0912576286623E+00
9.9999999503295E-01 5.0940861050737E+00
9.9999999503295E-01 5.0969145814850E+00
9.9999999503295E-01 5.0997430578964E+00
9.9999999503295E-01 5.1025715343078E+00
9.9999999503295E-01 5.1054000107191E+00
9.9999999503295E-01 5.1082284871305E+00
9.9999999503295E-01 5.1110569635418E+00
9.9999999503295E-01 5.1138854399532E+00
9.9999999503295E-01 5.1167139163646E+00
9.9999999503295E-01 5.1195423927759E+00
9.9999999503295E-01 5.1223708691873E+00
9.9999999503295E-01 5.1251993455986E+00
9.9999999503295E-01 5.1280278220100E+00
9.9999999503295E-01 5.1308562984214E+00
9.9999999503295E-01 5.1336847748327E+00
9.9999999503295E-01 5.1365132512441E+00
9.9999999503295E-01 5.1393417276554E+00
9.9999999503295E-01 5.1421702040668E+00
9.9999999503295E-01 5.1449986804782E+00
9.9999999503295E-01 5.1478271568895E+00
9.9999999503295E-01 5.1506556333009E+00
9.9999999503295E-01 5.1534841097122E+00
9.9999999503295E-01 5.1563125861236E+00
9.9999999503295E-01 5.1591410625350E+00
9.9999999503295E-01 5.1619695389463E+00
9.9999999503295E-01 5.1647980153577E+00
9.9999999503295E-01 5.1676264917690E+00
9.9999999503295E-01 5.1704549681804E+00
9.9999999503295E-01 5.1732834445918E+00
9.9999999503295E-01 5.1761119210031E+00
9.9999999503295E-01 5.1789403974145E+00
9.9999999503295E-01 5.1817688738258E+00
9.9999999503295E-01 5.1845973502372E+00
9.9999999503295E-01 5.1874258266486E+00
9.9999999503295E-01 5.1902543030599E+00
9.9999999503295E-01 5.1930827794713E+00
9.9999999503295E-01 5.1959112558826E+00
9.9999999503295E-01 5.1987397322940E+00
9.9999999503295E-01 5.2015682087054E+00
9.9999999503295E-01 5.2043966851167E+00
9.9999999503295E-01 5.2072251615281E+00
9.9999999503295E-01 5.2100536379394E+00
9.9999999503295E-01 5.2128821143508E+00
9.9999999503295E-01 5.2157105907622E+00
9.9999999503295E-01 5.2185390671735E+00
9.9999999503295E-01 5.2213675435849E+00
9.9999999503295E-01 5.2241960199962E+00
9.9999999503295E-01 5.2270244964076E+00
9.9999999503295E-01 5.2298529728190E+00
9.9999999503295E-01 5.2326814492303E+00
9.9999999503295E-01 5.2355099256417E+00
9.9999999503295E-01 5.2383384020530E+00
9.9999999503295E-01 5.2411668784644E+00
9.9999999503295E-01 5.2439953548758E+00
9.9999999503295E-01 5.2468238312871E+00
9.9999999503295E-01 5.2496523076985E+00
9.9999999503295E-01 5.2524807841098E+00
9.9999999503295E-01 5.2553092605212E+00
9.9999999503295E-01 5.2581377369326E+00
9.9999999503295E-01 5.2609662133439E+00
9.9999999503295E-01 5.2637946897553E+00
9.9999999503295E-01 5.2666231661666E+00
9.9999999503295E-01 5.2694516425780E+00
9.9999999503295E-01 5.2722801189894E+00
9.9999999503295E-01 5.2751085954007E+00
9.9999999503295E-01 5.2779370718121E+00
9.9999999503295E-01 5.2807655482234E+00
9.9999999503295E-01 5.2835940246348E+00
9.9999999503295E-01 5.2864225010462E+00
9.9999999503295E-01 5.2892509774575E+00
9.9999999503295E-01 5.2920794538689E+00
9.9999999503295E-01 5.2949079302802E+00
9.9999999503295E-01 5.2977364066916E+00
9.9999999503295E-01 5.3005648831030E+00
9.9999999503295E-01 5.3033933595143E+00
9.9999999503295E-01 5.3062218359257E+00
9.9999999503295E-01 5.3090503123370E+00
9.9999999503295E-01 5.3118787887484E+00
9.9999999503295E-01 5.3147072651598E+00
9.9999999503295E-01 5.3175357415711E+00
9.9999999503295E-01 5.3203642179825E+00
9.9999999503295E-01 5.3231926943938E+00
9.9999999503295E-01 5.3260211708052E+00
9.9999999503295E-01 5.3288496472166E+00
9.9999999503295E-01 5.3316781236279E+00
9.9999999503295E-01 5.3345066000393E+00
9.9999999503295E-01 5.3373350764506E+00
9.9999999503295E-01 5.3401635528620E+00
9.9999999503295E-01 5.3429920292734E+00
9.9999999503295E-01 5.3458205056847E+00
9.9999999503295E-01 5.3486489820961E+00
9.9999999503295E-01 5.3514774585074E+00
9.9999999503295E-01 5.3543059349188E+00
9.9999999503295E-01 5.3571344113302E+00
9.9999999503295E-01 5.3599628877415E+00
9.9999999503295E-01 5.3627913641529E+00
9.9999999503295E-01 5.3656198405642E+00
9.9999999503295E-01 5.3684483169756E+00
9.9999999503295E-01 5.3712767933869E+00
9.9999999503295E-01 5.3741052697983E+00
9.9999999503295E-01 5.3769337462097E+00
9.9999999503295E-01 5.3797622226210E+00
9.9999999503295E-01 5.3825906990324E+00
9.9999999503295E-01 5.3854191754437E+00
9.9999999503295E-01 5.3882476518551E+00
9.9999999503295E-01 5.3910761282665E+00
9.9999999503295E-01 5.3939046046778E+00
9.9999999503295E-01 5.3967330810892E+00
9.9999999503295E-01 5.3995615575005E+00
9.9999999503295E-01 5.4023900339119E+00
9.9999999503295E-01 5.4052185103233E+00
9.9999999503295E-01 5.4080469867346E+00
9.9999999503295E-01 5.4108754631460E+00
9.9999999503295E-01 5.4137039395573E+00
9.9999999503295E-01 5.4165324159687E+00
9.9999999503295E-01 5.4193608923801E+00
9.9999999503295E-01 5.4221893687914E+00
9.9999999503295E-01 5.4250178452028E+00
9.9999999503295E-01 5.4278463216141E+00
9.9999999503295E-01 5.4306747980255E+00
9.9999999503295E-01 5.4335032744369E+00
9.9999999503295E-01 5.4363317508482E+00
9.9999999503295E-01 5.4391602272596E+00
9.9999999503295E-01 5.4419887036709E+00
9.9999999503295E-01 5.4448171800823E+00
9.9999999503295E-01 5.4476456564937E+00
9.9999999503295E-01 5.4504741329050E+00
9.9999999503295E-01 5.4533026093164E+00
9.9999999503295E-01 5.4561310857277E+00
9.9999999503295E-01 5.4589595621391E+00
9.9999999503295E-01 5.4617880385505E+00
9.9999999503295E-01 5.4646165149618E+00
9.9999999503295E-01 5.4674449913732E+00
9.9999999503295E-01 5.4702734677845E+00
9.9999999503295E-01 5.4731019441959E+00
9.9999999503295E-01 5.4759304206073E+00
9.9999999503295E-01 5.4787588970186E+00
9.9999999503295E-01 5.4815873734300E+00
9.9999999503295E-01 5.4844158498413E+00
9.9999999503295E-01 5.4872443262527E+00
9.9999999503295E-01 5.4900728026641E+00
9.9999999503295E-01 5.4929012790754E+00
9.9999999503295E-01 5.4957297554868E+00
9.9999999503295E-01 5.4985582318981E+00
9.9999999503295E-01 5.5013867083095E+00
9.9999999503295E-01 5.5042151847209E+00
9.9999999503295E-01 5.5070436611322E+00
9.9999999503295E-01 5.5098721375436E+00
9.9999999503295E-01 5.5127006139549E+00
9.9999999503295E-01 5.5155290903663E+00
9.9999999503295E-01 5.5183575667777E+00
9.9999999503295E-01 5.5211860431890E+00
9.9999999503295E-01 5.5240145196004E+00
9.9999999503295E-01 5.5268429960117E+00
9.9999999503295E-01 5.5296714724231E+00
9.9999999503295E-01 5.5324999488345E+00
9.9999999503295E-01 5.5353284252458E+00
9.9999999503295E-01 5.5381569016572E+00
9.9999999503295E-01 5.5409853780685E+00
9.9999999503295E-01 5.5438138544799E+00
9.9999999503295E-01 5.5466423308913E+00
9.9999999503295E-01 5.5494708073026E+00
9.9999999503295E-01 5.5522992837140E+00
9.9999999503295E-01 5.5551277601253E+00
9.9999999503295E-01 5.5579562365367E+00
9.9999999503295E-01 5.5607847129481E+00
9.9999999503295E-01 5.5636131893594E+00
9.9999999503295E-01 5.5664416657708E+00
9.9999999503295E-01 5.5692701421821E+00
9.9999999503295E-01 5.5720986185935E+00
9.9999999503295E-01 5.5749270950049E+00
9.9999999503295E-01 5.5777555714162E+00
9.9999999503295E-01 5.5805840478276E+00
9.9999999503295E-01 5.5834125242389E+00
9.9999999503295E-01 5.5862410006503E+00
9.9999999503295E-01 5.5890694770617E+00
9.9999999503295E-01 5.5918979534730E+00
9.9999999503295E-01 5.5947264298844E+00
9.9999999503295E-01 5.5975549062957E+00
9.9999999503295E-01 5.6003833827071E+00
9.9999999503295E-01 5.6032118591185E+00
9.9999999503295E-01 5.6060403355298E+00
9.9999999503295E-01 5.6088688119412E+00
9.9999999503295E-01 5.6116972883525E+00
9.9999999503295E-01 5.6145257647639E+00
9.9999999503295E-01 5.6173542411753E+00
9.9999999503295E-01 5.6201827175866E+00
9.9999999503295E-01 5.6230111939980E+00
9.9999999503295E-01 5.6258396704093E+00
9.9999999503295E-01 5.6286681468207E+00
9.9999999503295E-01 5.6314966232321E+00
9.9999999503295E-01 5.6343250996434E+00
9.9999999503295E-01 5.6371535760548E+00
9.9999999503295E-01 5.6399820524661E+00
9.9999999503295E-01 5.6428105288775E+00
9.9999999503295E-01 5.6456390052889E+00
9.9999999503295E-01 5.6484674817002E+00
9.9999999503295E-01 5.6512959581116E+00
9.9999999503295E-01 5.6541244345229E+00
9.9999999503295E-01 5.6569529109343E+00
